f1_l-d_kp_10_269
10 269
55 95
10 4
47 60
5 32
4 23
50 72
8 80
61 62
85 65
87 46
269
f2_l-d_kp_20_878
20 878
44 92
46 4
90 43
72 83
91 84
40 68
75 92
35 82
8 6
54 44
78 32
40 18
77 56
15 83
61 25
17 96
75 70
29 48
75 14
63 58
878
f3_l-d_kp_4_20
4 20
9 6
11 5
13 9
15 7
20
f4_l-d_kp_4_11
4 11
6 2
10 4
12 6
13 7
11
f6_l-d_kp_10_60
10 60
20 30
18 25
17 20
15 18
15 17
10 11
5 5
3 2
1 1
1 1
60
f7_l-d_kp_7_50
7 50
70 31
20 10
39 20
37 19
7 4
5 3
10 6
50
f8_l-d_kp_23_10000
23 10000
981 983
980 982
979 981
978 980
977 979
976 978
487 488
974 976
970 972
485 486
485 486
970 972
970 972
484 485
484 485
976 969
974 966
482 483
962 964
961 963
959 961
958 958
857 959
10000
f9_l-d_kp_5_80
5 80
33 15
24 20
36 17
37 8
12 31
80
f10_l-d_kp_20_879
20 879
91 84
72 83
90 43
46 4
55 44
8 6
35 82
75 92
61 25
15 83
77 56
40 18
63 58
75 14
29 48
75 70
17 96
78 32
40 68
44 92
879



