knapPI_14_200_1000_1
294 94
706 506
616 416
1192 992
849 649
437 237
657 457
1015 815
646 446
622 422
991 791
559 359
867 667
798 598
207 7
744 544
534 334
966 766
1194 994
1093 893
833 633
331 131
628 428
900 700
817 617
1074 874
1020 720
619 419
994 794
396 196
1197 997
316 116
1108 908
739 539
907 707
769 569
737 537
1131 931
1026 726
687 487
972 772
713 513
281 81
1143 943
258 58
503 303
964 764
736 536
924 724
989 789
679 479
342 142
539 339
841 641
396 196
694 494
366 66
1024 824
408 208
911 711
1000 800
514 314
489 289
601 401
666 466
889 689
1033 833
425 225
444 244
1049 849
313 113
579 379
561 361
265 65
786 486
886 686
486 286
1089 889
324 24
691 491
1091 891
390 90
381 181
414 214
217 17
672 472
618 418
619 419
556 356
882 682
606 306
401 201
585 385
1152 952
700 500
394 194
937 737
624 324
1192 992
424 224
460 260
297 97
510 210
849 649
1119 919
263 63
1158 958
1104 804
718 518
628 428
737 537
546 346
353 153
1171 971
862 662
397 197
291 91
729 529
426 126
947 747
669 469
970 770
1134 934
923 723
1095 895
768 568
372 172
1158 958
583 383
508 308
1170 970
783 583
348 48
1230 930
769 569
203 3
220 20
809 609
1087 887
1025 825
1230 930
1104 904
441 241
579 379
576 376
1162 962
1089 889
643 443
516 216
538 338
360 160
606 406
359 159
231 31
504 204
720 420
353 153
625 425
531 331
765 565
1038 838
209 9
1218 918
733 533
432 232
1157 957
791 591
876 576
946 746
577 377
1158 858
286 86
634 434
858 558
479 279
1140 840
935 735
774 574
426 126
1212 912
939 739
1021 821
825 625
1117 917
401 201
1193 993
349 149
252 52
959 759
467 267
456 256
983 783
317 117
816 516
480 180
225 25
580 380
912 712
466 266
516 216
knapPI_11_500_1000_1
114 582
38 194
133 679
95 485
612 396
171 873
918 594
408 264
714 462
510 330
114 582
76 388
57 291
204 132
1020 660
816 528
190 970
510 330
114 582
714 462
152 776
38 194
918 594
190 970
612 396
510 330
306 198
95 485
816 528
714 462
114 582
76 388
918 594
133 679
102 66
306 198
612 396
1020 660
102 66
1020 660
918 594
510 330
918 594
114 582
76 388
57 291
918 594
95 485
612 396
204 132
918 594
38 194
19 97
152 776
76 388
918 594
816 528
204 132
204 132
114 582
95 485
408 264
76 388
1020 660
204 132
510 330
714 462
114 582
918 594
510 330
408 264
306 198
133 679
133 679
19 97
114 582
19 97
306 198
133 679
1020 660
408 264
57 291
152 776
102 66
57 291
918 594
306 198
1020 660
918 594
102 66
171 873
38 194
1020 660
171 873
171 873
204 132
171 873
816 528
152 776
612 396
918 594
510 330
1020 660
171 873
19 97
714 462
918 594
95 485
204 132
190 970
114 582
171 873
152 776
204 132
816 528
816 528
95 485
612 396
38 194
76 388
510 330
152 776
306 198
918 594
171 873
204 132
306 198
612 396
190 970
510 330
204 132
306 198
816 528
1020 660
408 264
204 132
19 97
306 198
714 462
133 679
306 198
57 291
816 528
95 485
102 66
133 679
152 776
510 330
190 970
714 462
19 97
612 396
408 264
204 132
133 679
102 66
38 194
190 970
38 194
57 291
76 388
76 388
38 194
133 679
102 66
1020 660
102 66
714 462
1020 660
152 776
152 776
1020 660
171 873
190 970
95 485
714 462
57 291
190 970
57 291
714 462
816 528
133 679
306 198
816 528
102 66
114 582
57 291
76 388
1020 660
306 198
204 132
612 396
152 776
114 582
918 594
816 528
408 264
133 679
510 330
190 970
190 970
19 97
95 485
714 462
114 582
714 462
306 198
171 873
1020 660
114 582
612 396
190 970
204 132
171 873
76 388
510 330
918 594
95 485
95 485
133 679
1020 660
510 330
102 66
1020 660
38 194
19 97
76 388
114 582
1020 660
57 291
19 97
102 66
510 330
190 970
102 66
612 396
171 873
190 970
114 582
816 528
918 594
171 873
204 132
190 970
816 528
714 462
19 97
76 388
190 970
190 970
152 776
612 396
133 679
612 396
76 388
102 66
1020 660
918 594
306 198
57 291
1020 660
38 194
57 291
57 291
38 194
816 528
76 388
306 198
918 594
171 873
714 462
612 396
171 873
1020 660
171 873
612 396
918 594
152 776
190 970
408 264
76 388
76 388
408 264
510 330
171 873
204 132
19 97
76 388
714 462
918 594
133 679
816 528
408 264
95 485
76 388
714 462
408 264
190 970
612 396
714 462
76 388
816 528
408 264
38 194
152 776
306 198
38 194
612 396
190 970
152 776
204 132
102 66
1020 660
76 388
95 485
171 873
204 132
1020 660
171 873
816 528
133 679
19 97
612 396
204 132
102 66
114 582
1020 660
510 330
102 66
306 198
816 528
816 528
612 396
102 66
76 388
133 679
1020 660
152 776
133 679
408 264
102 66
612 396
918 594
19 97
38 194
408 264
204 132
190 970
306 198
204 132
204 132
102 66
816 528
204 132
306 198
171 873
612 396
714 462
38 194
38 194
133 679
190 970
1020 660
1020 660
204 132
19 97
306 198
76 388
38 194
918 594
171 873
816 528
38 194
816 528
102 66
612 396
102 66
19 97
19 97
408 264
190 970
114 582
510 330
612 396
95 485
1020 660
95 485
19 97
102 66
190 970
152 776
19 97
19 97
95 485
38 194
918 594
102 66
38 194
1020 660
38 194
76 388
408 264
114 582
133 679
76 388
76 388
152 776
171 873
102 66
1020 660
918 594
612 396
114 582
204 132
76 388
612 396
510 330
114 582
76 388
918 594
612 396
714 462
204 132
171 873
133 679
57 291
408 264
133 679
19 97
816 528
918 594
95 485
152 776
714 462
19 97
133 679
190 970
510 330
76 388
114 582
38 194
408 264
76 388
114 582
816 528
190 970
38 194
171 873
408 264
133 679
408 264
408 264
114 582
19 97
38 194
918 594
190 970
171 873
114 582
133 679
57 291
612 396
510 330
714 462
76 388
714 462
114 582
114 582
204 132
102 66
133 679
714 462
133 679
612 396
171 873
816 528
816 528
408 264
190 970
152 776
76 388
57 291
816 528
38 194
152 776
190 970
38 194
57 291
19 97
38 194
19 97
114 582
1020 660
510 330
95 485
133 679
1020 660
510 330
816 528
57 291
knapPI_12_500_1000_1
582 582
194 194
679 679
485 485
312 396
873 873
468 594
208 264
364 462
260 330
582 582
388 388
291 291
104 132
520 660
416 528
970 970
260 330
582 582
364 462
776 776
194 194
468 594
970 970
312 396
260 330
156 198
485 485
416 528
364 462
582 582
388 388
468 594
679 679
52 66
156 198
312 396
520 660
52 66
520 660
468 594
260 330
468 594
582 582
388 388
291 291
468 594
485 485
312 396
104 132
468 594
194 194
97 97
776 776
388 388
468 594
416 528
104 132
104 132
582 582
485 485
208 264
388 388
520 660
104 132
260 330
364 462
582 582
468 594
260 330
208 264
156 198
679 679
679 679
97 97
582 582
97 97
156 198
679 679
520 660
208 264
291 291
776 776
52 66
291 291
468 594
156 198
520 660
468 594
52 66
873 873
194 194
520 660
873 873
873 873
104 132
873 873
416 528
776 776
312 396
468 594
260 330
520 660
873 873
97 97
364 462
468 594
485 485
104 132
970 970
582 582
873 873
776 776
104 132
416 528
416 528
485 485
312 396
194 194
388 388
260 330
776 776
156 198
468 594
873 873
104 132
156 198
312 396
970 970
260 330
104 132
156 198
416 528
520 660
208 264
104 132
97 97
156 198
364 462
679 679
156 198
291 291
416 528
485 485
52 66
679 679
776 776
260 330
970 970
364 462
97 97
312 396
208 264
104 132
679 679
52 66
194 194
970 970
194 194
291 291
388 388
388 388
194 194
679 679
52 66
520 660
52 66
364 462
520 660
776 776
776 776
520 660
873 873
970 970
485 485
364 462
291 291
970 970
291 291
364 462
416 528
679 679
156 198
416 528
52 66
582 582
291 291
388 388
520 660
156 198
104 132
312 396
776 776
582 582
468 594
416 528
208 264
679 679
260 330
970 970
970 970
97 97
485 485
364 462
582 582
364 462
156 198
873 873
520 660
582 582
312 396
970 970
104 132
873 873
388 388
260 330
468 594
485 485
485 485
679 679
520 660
260 330
52 66
520 660
194 194
97 97
388 388
582 582
520 660
291 291
97 97
52 66
260 330
970 970
52 66
312 396
873 873
970 970
582 582
416 528
468 594
873 873
104 132
970 970
416 528
364 462
97 97
388 388
970 970
970 970
776 776
312 396
679 679
312 396
388 388
52 66
520 660
468 594
156 198
291 291
520 660
194 194
291 291
291 291
194 194
416 528
388 388
156 198
468 594
873 873
364 462
312 396
873 873
520 660
873 873
312 396
468 594
776 776
970 970
208 264
388 388
388 388
208 264
260 330
873 873
104 132
97 97
388 388
364 462
468 594
679 679
416 528
208 264
485 485
388 388
364 462
208 264
970 970
312 396
364 462
388 388
416 528
208 264
194 194
776 776
156 198
194 194
312 396
970 970
776 776
104 132
52 66
520 660
388 388
485 485
873 873
104 132
520 660
873 873
416 528
679 679
97 97
312 396
104 132
52 66
582 582
520 660
260 330
52 66
156 198
416 528
416 528
312 396
52 66
388 388
679 679
520 660
776 776
679 679
208 264
52 66
312 396
468 594
97 97
194 194
208 264
104 132
970 970
156 198
104 132
104 132
52 66
416 528
104 132
156 198
873 873
312 396
364 462
194 194
194 194
679 679
970 970
520 660
520 660
104 132
97 97
156 198
388 388
194 194
468 594
873 873
416 528
194 194
416 528
52 66
312 396
52 66
97 97
97 97
208 264
970 970
582 582
260 330
312 396
485 485
520 660
485 485
97 97
52 66
970 970
776 776
97 97
97 97
485 485
194 194
468 594
52 66
194 194
520 660
194 194
388 388
208 264
582 582
679 679
388 388
388 388
776 776
873 873
52 66
520 660
468 594
312 396
582 582
104 132
388 388
312 396
260 330
582 582
388 388
468 594
312 396
364 462
104 132
873 873
679 679
291 291
208 264
679 679
97 97
416 528
468 594
485 485
776 776
364 462
97 97
679 679
970 970
260 330
388 388
582 582
194 194
208 264
388 388
582 582
416 528
970 970
194 194
873 873
208 264
679 679
208 264
208 264
582 582
97 97
194 194
468 594
970 970
873 873
582 582
679 679
291 291
312 396
260 330
364 462
388 388
364 462
582 582
582 582
104 132
52 66
679 679
364 462
679 679
312 396
873 873
416 528
416 528
208 264
970 970
776 776
388 388
291 291
416 528
194 194
776 776
970 970
194 194
291 291
97 97
194 194
97 97
582 582
520 660
260 330
485 485
679 679
520 660
260 330
416 528
291 291
knapPI_13_500_1000_1
234 114
39 19
1053 873
351 291
585 485
78 38
117 97
234 194
312 152
156 76
156 76
273 133
351 291
351 291
312 152
468 388
156 76
585 485
468 388
1053 873
702 582
1053 873
819 679
234 194
39 19
1170 970
234 194
234 194
351 291
936 776
468 388
351 171
351 171
156 76
351 171
390 190
468 388
156 76
312 152
390 190
468 388
702 582
234 114
1170 970
195 95
117 97
351 291
936 776
585 485
78 38
702 582
234 114
117 97
117 57
117 97
819 679
234 194
702 582
702 582
156 76
39 19
351 171
1170 970
117 97
156 76
390 190
390 190
78 38
1053 873
936 776
312 152
156 76
312 152
39 19
351 291
39 19
819 679
585 485
234 114
585 485
1170 970
468 388
195 95
351 171
312 152
273 133
1170 970
312 152
390 190
936 776
390 190
1053 873
585 485
390 190
117 97
117 57
78 38
117 97
234 114
273 133
702 582
936 776
156 76
702 582
585 485
351 291
312 152
156 76
351 291
468 388
117 97
117 57
273 133
39 19
468 388
1170 970
390 190
195 95
702 582
1053 873
39 19
1170 970
117 97
234 194
234 194
819 679
234 114
936 776
702 582
585 485
1170 970
156 76
234 114
234 194
156 76
78 38
78 38
117 97
1170 970
1170 970
195 95
234 194
117 97
1170 970
585 485
936 776
117 57
117 97
702 582
585 485
1170 970
195 95
936 776
468 388
234 114
585 485
234 194
273 133
273 133
351 291
351 291
117 57
273 133
117 57
117 57
468 388
78 38
234 114
936 776
468 388
273 133
351 171
234 194
351 171
39 19
351 171
78 38
117 57
351 291
351 291
234 194
390 190
39 19
390 190
156 76
390 190
351 171
117 97
195 95
234 114
390 190
468 388
156 76
585 485
585 485
468 388
156 76
78 38
117 97
702 582
1053 873
585 485
351 291
39 19
234 194
585 485
156 76
156 76
351 291
702 582
351 291
702 582
195 95
936 776
273 133
39 19
936 776
702 582
195 95
351 291
39 19
234 114
936 776
234 194
390 190
585 485
39 19
585 485
273 133
702 582
819 679
195 95
390 190
468 388
117 57
390 190
1170 970
1053 873
117 57
1053 873
78 38
312 152
585 485
702 582
351 291
702 582
468 388
117 57
117 57
273 133
819 679
195 95
156 76
1053 873
702 582
117 97
1170 970
312 152
234 114
312 152
351 171
1170 970
819 679
273 133
195 95
819 679
936 776
585 485
234 114
78 38
273 133
702 582
78 38
1053 873
312 152
195 95
312 152
156 76
819 679
819 679
234 194
117 97
585 485
312 152
78 38
351 171
702 582
195 95
195 95
234 114
936 776
273 133
234 194
234 194
117 97
819 679
78 38
936 776
273 133
78 38
312 152
1053 873
78 38
312 152
1053 873
351 291
234 194
1053 873
234 114
1053 873
1053 873
702 582
234 114
156 76
117 97
195 95
39 19
156 76
312 152
819 679
234 194
1053 873
819 679
702 582
468 388
312 152
351 291
936 776
234 114
702 582
390 190
468 388
78 38
390 190
390 190
39 19
273 133
156 76
195 95
117 57
312 152
390 190
312 152
1170 970
117 57
819 679
78 38
468 388
195 95
390 190
702 582
234 114
156 76
390 190
312 152
1170 970
585 485
702 582
1170 970
819 679
351 171
117 97
819 679
156 76
156 76
312 152
819 679
936 776
585 485
1053 873
312 152
117 97
234 114
273 133
78 38
702 582
702 582
468 388
39 19
39 19
312 152
819 679
351 171
156 76
936 776
1053 873
1170 970
351 171
117 97
234 194
1053 873
39 19
117 57
39 19
819 679
585 485
390 190
1170 970
1053 873
390 190
195 95
351 171
936 776
351 171
351 291
819 679
819 679
195 95
351 291
936 776
234 194
156 76
468 388
39 19
234 194
1053 873
156 76
702 582
819 679
195 95
234 194
468 388
1170 970
312 152
39 19
117 97
585 485
390 190
39 19
351 171
312 152
78 38
39 19
39 19
156 76
117 57
585 485
351 291
702 582
1053 873
195 95
117 97
312 152
351 171
819 679
156 76
117 97
351 291
117 57
312 152
351 291
468 388
234 114
585 485
117 97
351 171
156 76
195 95
195 95
819 679
117 57
273 133
1170 970
234 114
702 582
1053 873
156 76
195 95
273 133
234 194
234 114
39 19
390 190
117 57
702 582
273 133
702 582
234 194
156 76
39 19
585 485
819 679
351 291
234 194
117 57
195 95
351 171
273 133
351 171
39 19
1053 873
273 133
819 679
78 38
78 38
39 19
117 97
156 76
468 388
234 114
knapPI_1_5000_1000000_1
403 94
886 506
814 416
1151 992
983 649
629 237
848 457
1074 815
839 446
819 422
1062 791
762 359
994 667
950 598
111 7
914 544
737 334
1049 766
1152 994
1110 893
973 633
474 131
824 428
1013 700
963 617
1101 874
1024 720
816 419
1063 794
575 196
1153 997
447 116
1117 908
910 539
1017 707
931 569
909 537
1126 931
1027 726
871 487
1052 772
891 513
375 81
1131 943
318 58
705 303
1048 764
908 536
1026 724
1061 789
865 479
493 142
742 339
978 641
575 196
877 494
339 66
1078 824
592 208
1019 711
1066 800
717 314
690 289
800 401
855 466
1006 689
1082 833
614 225
638 244
1090 849
441 113
780 379
764 361
337 65
871 486
1005 686
687 286
1108 889
205 24
875 491
1109 891
395 90
554 181
600 214
173 17
860 472
815 418
816 419
759 356
1002 682
708 306
582 201
786 385
1135 952
881 500
572 194
1033 737
727 324
1151 992
613 224
657 260
410 97
594 210
983 649
1121 919
332 63
1138 958
1068 804
895 518
824 428
909 537
749 346
511 153
1143 971
991 662
577 197
397 91
903 529
465 126
1039 747
857 469
1051 770
1128 934
1026 723
1111 895
930 568
540 172
1138 958
784 383
710 308
1142 970
940 583
290 48
1126 930
931 569
73 3
188 20
958 609
1107 887
1078 825
1126 930
1115 904
634 241
780 379
778 376
1139 962
1108 889
836 443
602 216
741 338
522 160
805 406
520 159
233 31
586 204
817 420
511 153
821 425
734 331
928 565
1085 838
126 9
1121 918
906 533
623 232
1137 957
946 591
936 576
1038 746
779 377
1094 858
386 86
829 434
923 558
679 279
1086 840
1032 735
934 574
465 126
1118 912
1034 739
1077 821
968 625
1120 917
582 201
1151 993
504 149
302 52
1045 759
665 267
652 256
1058 783
449 117
893 516
552 180
210 25
781 380
1020 712
664 266
602 216
840 448
911 541
992 664
1136 954
1027 726
1052 772
904 531
1131 943
1040 750
730 327
1120 917
94 5
441 113
1119 913
1062 791
1153 998
1095 859
748 345
826 431
998 675
1082 833
832 438
899 523
1120 916
817 420
445 115
989 660
658 261
1052 772
789 388
1048 764
1087 843
589 206
806 407
976 639
1091 852
912 542
324 60
1044 757
377 82
975 637
401 93
961 614
483 136
562 187
420 102
1143 972
527 163
882 501
864 477
875 492
456 121
373 80
486 138
989 660
619 229
1079 827
840 448
620 230
1082 832
873 489
942 586
692 291
992 665
989 660
1014 702
511 153
956 606
460 123
649 253
1018 709
1082 832
432 108
1108 888
867 481
683 283
1094 858
684 284
1019 711
1090 850
632 239
1131 943
574 195
406 95
808 410
992 664
1113 900
439 112
1140 963
1042 754
849 458
183 19
614 225
931 569
410 97
572 194
1042 754
953 602
326 61
1010 695
750 347
1023 719
416 100
410 97
1087 843
1038 745
687 286
875 492
447 116
904 531
820 424
649 253
822 426
811 413
1146 980
692 291
1082 833
871 486
126 9
935 575
1123 922
498 145
1112 897
803 404
1036 742
1028 728
667 269
422 103
1038 745
248 35
1056 779
352 71
373 80
1087 842
469 128
1131 941
616 227
230 30
745 342
955 605
904 531
766 364
762 359
1098 867
1076 820
716 313
590 207
1118 911
710 308
825 430
1004 685
978 641
441 113
491 141
1007 690
1013 700
924 559
867 481
884 503
1049 766
111 7
1105 882
1095 859
555 182
821 425
912 542
1003 683
1092 853
1129 938
393 89
967 624
554 181
1103 878
1127 933
938 580
647 252
590 207
988 658
188 20
1136 954
750 347
1045 759
839 446
157 14
988 657
1018 710
1146 980
564 188
975 636
585 203
827 432
471 129
971 630
888 509
629 237
775 373
1085 838
795 395
1008 692
422 103
605 218
785 384
1126 931
796 396
790 389
977 640
688 287
699 297
1145 977
890 512
606 219
921 555
798 398
690 289
1065 798
950 598
293 49
933 572
1011 697
1051 770
1027 725
912 542
600 214
1107 887
281 45
403 94
682 282
377 82
722 319
968 626
500 146
911 541
1101 874
1027 725
1054 777
921 554
592 208
1060 787
1145 976
1118 912
837 444
73 3
703 301
528 164
831 437
984 652
1048 764
268 41
1033 737
546 176
483 136
469 128
794 394
627 235
271 42
1078 824
1004 684
1146 979
930 568
769 367
302 52
978 642
738 335
465 126
472 130
940 583
471 129
1041 752
533 167
1093 856
977 640
1051 770
826 431
574 195
840 448
1013 701
1135 952
1104 880
534 168
371 79
1139 961
860 472
604 217
1018 709
501 147
698 296
1117 909
1048 764
646 251
1103 878
1042 753
932 570
649 253
993 666
1126 931
828 433
1071 810
1000 678
460 123
597 212
339 66
589 206
1040 750
334 64
855 466
740 337
889 510
1064 796
545 175
831 437
1129 938
1089 848
925 561
1023 718
1133 948
983 649
931 569
991 663
940 582
1087 843
583 202
1014 702
938 579
1027 725
1068 803
743 340
516 156
1082 832
953 602
625 234
1006 688
558 184
1146 978
811 413
973 633
942 585
956 606
1140 963
753 350
635 242
910 539
1034 739
665 267
530 165
548 177
1024 720
1067 802
980 644
377 82
1065 798
577 197
542 173
375 81
627 235
439 112
422 103
666 268
1104 879
979 643
428 106
458 122
837 444
659 262
1008 691
1153 997
839 446
539 171
917 549
681 281
596 211
439 112
807 408
1030 730
766 363
393 89
955 605
1129 938
534 168
1016 705
287 47
800 400
601 215
443 114
299 51
1105 881
917 549
1001 679
731 328
645 250
585 203
867 481
1041 752
1017 707
377 82
332 63
989 660
192 21
688 287
606 219
881 500
1076 820
406 95
278 44
1039 748
1000 678
675 276
865 478
991 663
948 594
1044 757
1133 947
840 448
932 570
716 313
1147 981
1064 795
919 552
790 389
680 280
1097 864
975 636
890 512
1110 892
558 184
1133 947
961 614
968 625
504 149
779 377
861 474
178 18
991 662
814 416
42 1
904 530
1041 752
197 22
1147 981
1054 777
1137 957
674 275
941 584
940 582
456 121
1135 951
994 668
451 118
722 319
1111 896
897 521
1133 948
643 248
861 474
754 351
307 54
514 155
989 660
1100 871
871 486
695 294
821 425
639 245
783 382
773 371
1017 708
914 544
1063 794
788 387
1034 738
896 520
681 281
883 502
397 91
884 503
1123 924
168 16
241 33
747 344
752 349
956 606
1111 896
948 595
835 441
420 102
302 52
986 654
1018 710
829 434
639 245
251 36
990 661
811 413
151 13
772 370
800 400
574 195
1148 984
863 476
528 164
804 405
998 674
575 196
957 608
1116 907
905 532
299 51
1022 716
730 327
1104 880
1018 710
665 267
800 400
778 376
958 609
723 320
575 196
909 538
1128 935
803 404
416 100
465 126
1093 855
403 94
1030 731
649 253
119 8
793 393
913 543
751 348
721 318
873 489
197 22
1153 998
293 49
782 381
133 10
825 429
609 221
506 150
1022 717
904 530
735 332
1131 942
928 565
602 216
326 61
537 170
1101 872
980 644
592 208
1001 680
1011 697
976 639
1001 679
1139 961
764 361
1067 802
762 359
1085 839
1023 718
680 280
647 252
680 280
420 102
961 615
698 296
867 481
1137 956
620 230
656 259
1123 922
1016 706
671 272
516 156
919 552
870 485
908 536
349 70
1114 902
844 452
248 35
1133 947
780 378
316 57
755 352
995 669
1014 702
491 141
849 458
853 463
1044 756
1107 887
735 332
902 528
987 656
650 254
1060 787
878 495
772 370
133 10
581 200
730 327
173 17
776 374
1043 755
1146 980
778 376
119 8
237 32
850 460
1068 804
201 23
1099 869
1131 943
1021 715
970 628
356 73
579 199
258 38
593 209
730 327
1118 912
1066 799
774 372
1145 976
454 120
994 667
564 188
222 28
1015 704
983 649
1038 746
1011 697
1020 712
690 289
968 625
1136 953
852 462
704 302
371 79
268 41
1077 823
1117 908
992 665
251 36
1031 732
1071 809
339 66
692 291
946 591
940 583
647 252
865 479
904 530
613 224
1060 788
711 309
768 366
755 352
801 402
914 545
441 113
1141 967
845 454
1026 723
157 14
188 20
710 308
980 644
1020 713
868 482
739 336
690 289
878 496
729 326
904 530
533 167
898 522
1081 830
397 91
447 116
1039 747
795 395
1138 958
1044 756
659 262
1014 703
890 511
867 481
841 449
1108 888
951 599
708 306
875 492
1068 803
838 445
719 316
1108 889
1059 785
1048 765
875 491
944 589
462 124
1036 741
1112 898
1027 725
1002 682
474 131
798 398
1116 906
1042 753
715 312
1061 790
703 301
1132 945
840 447
577 197
218 27
934 573
944 589
1128 934
593 209
903 529
1113 899
162 15
946 592
399 92
935 575
1073 814
757 354
467 127
776 374
929 566
948 594
1144 973
980 645
954 603
1020 712
237 32
700 298
925 561
1116 906
968 626
495 143
884 504
1084 836
764 361
826 431
921 554
205 24
814 416
1032 735
636 243
845 454
1127 932
877 494
982 648
760 357
949 596
1060 788
908 536
1045 759
581 200
929 566
1036 741
604 217
606 219
1082 832
1076 819
871 487
861 473
634 241
334 64
893 516
1094 857
605 218
874 490
884 504
1017 707
745 342
862 475
545 175
1059 786
539 171
623 232
1108 888
1098 866
1145 976
649 253
964 619
978 642
850 460
605 218
605 218
994 667
1134 949
393 89
872 488
930 568
901 526
1095 860
84 4
1052 772
1032 734
656 259
669 270
103 6
820 424
586 204
716 313
520 159
588 205
210 25
1135 951
1025 721
974 635
694 293
1020 712
808 410
854 465
768 366
359 74
201 23
814 416
1048 764
293 49
1075 817
887 507
509 152
652 256
926 562
878 495
812 414
368 78
1118 912
321 59
656 259
655 258
1086 841
484 137
945 590
784 383
1099 869
1130 939
682 282
1104 880
865 479
845 454
1030 730
922 556
574 195
807 409
938 580
414 99
1119 913
1065 798
721 318
1061 790
747 344
373 80
857 468
1123 922
551 179
750 347
622 231
950 597
956 607
1114 903
713 310
611 223
133 10
1088 845
1115 905
318 58
401 93
1045 759
1118 912
1116 906
274 43
364 76
919 552
995 670
996 671
756 353
1084 837
145 12
1108 889
1118 912
779 377
313 56
942 585
1091 852
1021 715
818 421
733 330
299 51
1086 840
1011 697
1089 848
1079 826
578 198
744 341
673 274
1035 740
742 339
1102 875
800 400
954 603
861 474
465 126
1144 973
1144 973
939 581
1060 788
970 629
1066 799
862 475
1138 959
373 80
1120 917
397 91
1058 783
1052 773
1020 712
986 655
1136 953
679 279
1013 701
1016 706
501 147
758 355
416 100
880 498
658 261
946 591
971 630
776 374
1138 960
1120 917
805 406
1045 759
963 618
1147 981
978 641
474 131
1122 920
906 534
845 453
797 397
299 51
703 301
577 197
1117 910
596 211
1091 851
271 42
1121 919
230 30
998 674
1146 979
1048 764
1129 937
987 656
945 590
740 337
1153 997
979 643
984 652
972 632
1079 827
989 659
313 56
410 97
706 304
1051 771
1001 680
747 344
925 561
972 632
993 666
627 235
352 71
730 327
1078 824
42 1
1133 948
1091 851
1056 780
954 603
781 380
382 84
1004 684
1044 757
955 605
706 304
761 358
695 294
1036 742
255 37
84 4
1017 707
474 131
989 660
393 89
846 455
705 303
1001 680
1142 970
1128 934
1135 951
803 404
839 446
752 349
401 93
996 672
519 158
1052 772
1109 891
905 532
965 621
750 347
616 227
921 555
168 16
705 303
1131 941
1082 833
567 190
966 622
748 345
1110 893
570 192
825 430
522 160
1049 767
537 170
1071 810
721 318
1007 690
613 224
302 52
809 411
585 203
1059 785
606 219
326 61
1121 919
568 191
1019 711
695 294
1129 937
649 253
422 103
719 316
968 625
976 639
978 641
488 139
281 45
719 316
605 218
694 293
1039 747
1104 879
973 633
133 10
759 356
992 665
908 536
1077 823
954 603
792 392
655 258
1051 771
1076 820
488 139
929 566
619 229
728 325
1068 804
1059 786
1148 983
1089 847
789 388
972 632
649 253
804 405
484 137
683 283
1000 678
989 659
1016 706
1059 786
716 313
495 143
1020 713
638 244
873 489
1088 844
1111 896
953 602
594 210
1126 930
1008 692
848 457
634 241
1134 950
619 229
597 212
610 222
237 32
1039 747
1099 869
639 245
935 575
1075 818
586 204
941 584
1077 822
578 198
1131 942
1131 942
1113 899
777 375
730 327
865 479
339 66
1134 950
853 464
687 286
934 573
695 294
484 137
923 557
820 423
823 427
406 95
1021 715
802 403
845 453
1032 735
42 1
498 145
1057 782
1089 848
847 456
874 490
1001 679
851 461
1088 844
349 70
951 599
1108 888
795 395
1031 733
1064 795
770 368
403 94
443 114
284 46
1064 795
940 583
724 321
1021 714
735 332
653 257
1116 906
703 301
677 277
984 651
605 218
434 109
923 558
789 388
456 121
774 372
618 228
592 208
729 326
933 572
296 50
1042 753
366 77
664 266
616 227
883 502
740 337
233 31
970 629
601 215
756 353
673 274
746 343
1045 758
1085 838
865 478
948 595
651 255
734 331
765 362
382 84
168 16
849 459
607 220
168 16
1097 865
1023 719
693 292
545 175
851 461
703 301
1045 759
1021 715
590 207
471 129
1002 681
658 261
1110 893
799 399
779 377
565 189
763 360
157 14
1028 728
717 314
614 225
906 534
1119 914
403 94
917 549
998 674
829 434
596 211
1149 986
1096 863
1067 802
679 279
233 31
1071 810
1142 968
562 187
1062 791
567 190
808 410
946 592
1107 886
1102 875
1047 763
755 352
318 58
1074 815
926 562
932 571
725 322
854 465
815 418
578 198
921 554
987 656
432 108
845 453
1117 909
936 576
981 646
443 114
716 313
1008 692
1045 759
979 643
852 462
1095 860
1115 904
1138 959
991 663
593 209
928 564
624 233
865 478
1022 716
962 616
430 107
1146 979
855 466
1143 971
364 76
1107 886
880 498
506 150
836 442
483 136
251 36
255 37
747 344
918 550
758 355
1146 980
861 473
1137 957
727 324
1095 859
932 570
695 294
657 260
998 674
742 339
656 259
783 382
989 660
825 430
1046 760
1002 682
992 664
761 358
443 114
493 142
183 19
1042 753
527 163
456 121
403 94
798 398
943 587
412 98
493 142
705 303
1142 968
906 533
1147 982
930 568
896 519
677 277
966 622
894 517
1024 720
974 635
310 55
660 263
685 285
565 189
970 628
111 7
691 290
986 655
788 387
978 641
1036 742
1036 741
1063 793
1067 802
1112 897
659 262
571 193
1105 882
474 131
868 482
934 573
836 443
585 203
1140 965
361 75
1070 807
1069 805
891 513
860 472
1065 797
1007 690
696 295
1058 784
905 532
514 155
436 110
1106 884
542 173
368 78
1021 714
973 633
864 477
453 119
1023 718
162 15
860 472
731 328
1063 793
579 199
1154 999
548 177
900 525
1133 948
880 498
878 495
1109 890
1116 906
737 334
786 385
799 399
741 338
896 520
1080 829
867 481
414 99
1001 680
388 87
1067 802
1109 890
1085 839
742 339
1106 883
342 67
914 544
760 357
848 457
837 444
978 642
509 152
321 59
962 616
321 59
1149 987
756 353
904 530
1138 958
960 613
1085 838
384 85
386 86
931 569
865 479
1003 683
800 400
772 370
1105 882
500 146
447 116
1046 760
806 407
840 447
789 388
268 41
988 658
453 119
222 28
848 457
578 198
173 17
827 432
724 321
823 427
588 205
747 344
927 563
706 304
287 47
1009 694
397 91
1139 961
980 644
434 109
1138 959
1142 969
271 42
432 108
982 648
293 49
618 228
1126 929
901 527
1141 967
719 316
940 582
1086 840
935 575
884 503
1118 911
707 305
1150 989
1084 836
771 369
943 587
623 232
844 452
1113 900
1135 952
375 81
1152 995
926 562
1034 739
1016 705
94 5
923 557
874 490
695 294
764 361
1113 900
287 47
588 205
498 145
1088 846
988 658
1090 849
1001 680
503 148
408 96
594 210
1007 690
183 19
1081 831
1001 679
1027 726
902 528
162 15
928 564
1089 847
1025 721
126 9
1013 700
839 446
1094 858
1012 699
670 271
1145 977
906 533
513 154
1044 756
1100 871
1118 912
1028 727
1142 968
931 569
527 163
963 618
1004 685
983 650
1070 807
793 393
675 276
706 304
1118 911
624 233
271 42
800 400
525 162
299 51
1032 734
1127 933
768 366
168 16
548 177
763 360
1036 742
1027 725
1099 868
873 489
882 501
972 632
767 365
575 196
878 496
1037 744
498 145
882 501
1104 880
643 248
1003 683
881 500
790 389
965 620
397 91
1025 721
1095 859
992 665
814 416
867 481
723 320
1097 865
465 126
1044 757
1140 963
1057 781
633 240
733 330
895 518
1078 824
1128 935
299 51
711 309
178 18
1096 863
42 1
1040 749
988 658
936 577
938 579
888 509
513 154
1123 923
797 397
1005 687
1138 959
963 617
975 637
966 623
543 174
1053 775
957 608
708 306
1154 1000
1137 957
978 641
860 472
1027 726
707 305
1021 714
979 643
1017 708
972 631
873 489
1080 829
1038 746
1031 732
1031 732
995 669
819 422
307 54
1113 900
1002 682
993 666
1137 957
434 109
845 454
1140 964
1127 933
490 140
574 195
205 24
988 657
622 231
536 169
469 128
909 537
662 264
284 46
84 4
1113 900
1067 802
344 68
842 450
465 126
318 58
798 398
871 486
843 451
738 335
525 162
428 106
1038 745
1142 969
827 432
520 159
973 634
928 565
168 16
958 610
884 503
890 511
1041 752
310 55
857 469
1080 829
1008 692
548 177
596 211
881 499
445 115
1148 984
1075 818
624 233
820 424
1145 976
773 371
805 406
737 334
1058 784
999 676
534 168
823 427
827 432
904 531
740 337
999 677
909 537
1154 1000
780 379
422 103
1059 785
1131 943
810 412
933 572
1080 828
1051 771
1130 939
948 594
183 19
881 500
778 376
1006 689
1054 776
861 474
935 575
1136 953
495 143
889 510
609 221
961 615
951 599
930 567
914 545
1028 727
923 558
709 307
928 564
734 331
930 568
1105 881
983 649
1038 746
793 393
629 237
894 517
897 521
598 213
1076 820
579 199
1073 813
157 14
1068 803
840 448
590 207
386 86
460 123
607 220
519 158
1132 944
820 424
714 311
799 399
321 59
649 253
624 233
715 312
1061 790
1090 849
583 202
919 552
985 653
1060 788
1110 893
441 113
880 498
836 442
1126 929
386 86
145 12
721 318
655 258
899 524
938 579
820 424
857 468
766 364
375 81
799 399
1111 896
508 151
968 626
769 367
1084 837
977 640
462 124
933 572
807 408
761 358
1111 895
1106 884
899 523
832 438
678 278
210 25
1029 729
1153 996
1137 956
564 188
896 519
248 35
714 311
574 195
1080 829
1058 784
1115 904
414 99
836 443
1034 738
1020 713
434 109
789 388
1084 836
658 261
1009 693
845 453
873 489
892 514
349 70
737 334
1019 711
973 634
481 135
670 271
844 452
995 669
469 128
684 284
899 524
495 143
1150 989
1152 994
680 280
792 392
861 473
622 231
1111 895
1131 943
916 548
999 677
1086 840
761 358
911 541
1045 758
912 542
1006 689
168 16
1025 721
963 618
1138 958
663 265
916 547
647 252
955 605
660 263
1032 735
549 178
814 416
835 441
798 398
111 7
84 4
218 27
976 639
811 413
883 502
615 226
730 327
537 170
1019 711
460 123
1133 946
966 623
715 312
1033 736
119 8
1120 915
197 22
983 650
1081 831
887 508
906 534
813 415
1111 896
1147 982
571 193
790 389
1067 801
740 337
873 489
1031 733
670 271
1131 942
1136 954
290 48
1121 919
794 394
1105 881
1120 917
777 375
133 10
840 448
469 128
904 530
911 541
714 311
719 316
861 473
782 381
984 652
59 2
484 137
752 349
416 100
991 663
342 67
836 443
696 295
604 217
1118 911
762 359
1093 855
700 298
962 616
733 330
522 160
1068 803
296 50
592 208
942 585
904 530
1135 951
986 654
1149 986
1072 812
1069 805
1012 699
881 500
979 643
914 544
1142 970
1149 987
1108 888
981 646
798 398
889 510
968 625
1009 694
1127 933
876 493
188 20
424 104
620 230
1139 962
296 50
754 351
880 498
1097 864
618 228
1020 713
366 77
806 407
879 497
667 269
226 29
577 197
798 398
1039 747
787 386
463 125
809 411
762 359
1088 844
938 580
432 108
1085 838
807 408
1073 814
818 421
1154 999
887 507
923 557
980 645
932 571
905 532
822 426
788 387
620 230
640 246
909 537
1022 716
927 563
1133 947
973 633
1083 834
1129 938
732 329
867 481
1137 957
804 405
1006 689
735 332
1005 686
1150 989
983 650
401 93
453 119
682 282
842 450
73 3
727 324
914 544
1137 957
1032 734
666 268
1012 699
539 171
508 151
679 279
1109 891
493 142
781 380
756 353
1019 711
1126 929
958 609
326 61
798 398
786 385
972 631
1095 859
614 225
590 207
731 328
1143 971
916 547
970 628
1089 848
913 543
1097 864
618 228
384 85
994 668
1128 936
1043 755
1082 832
1125 928
384 85
635 242
1059 786
1088 845
866 480
645 250
641 247
564 188
813 415
878 495
504 149
1043 755
1090 850
157 14
990 661
611 223
983 649
1061 790
1046 761
815 418
1138 959
969 627
994 668
825 429
1012 698
871 486
711 309
1032 734
1041 751
790 389
742 339
933 572
59 2
1101 873
653 257
1140 965
810 412
915 546
830 435
1107 886
780 378
1069 805
1125 927
943 587
736 333
966 622
1004 685
644 249
994 668
1106 885
111 7
773 371
1113 899
917 549
707 305
339 66
451 118
1122 920
699 297
823 427
819 422
638 244
670 271
906 533
59 2
967 624
610 222
738 335
935 575
813 415
963 617
1045 758
663 265
562 187
543 174
607 220
714 311
377 82
669 270
1002 682
1133 946
975 637
1139 962
420 102
999 677
488 139
981 647
1103 877
1049 766
937 578
964 619
1123 922
248 35
1045 758
619 229
893 516
1114 902
924 559
770 368
710 308
968 625
310 55
1118 912
324 60
1105 882
1050 769
948 594
706 304
972 632
1043 755
952 600
820 424
397 91
810 412
1143 971
944 588
1045 759
918 550
479 134
1018 710
441 113
759 356
1148 985
742 339
1151 992
1027 725
1136 955
1139 961
516 156
332 63
972 631
1051 770
915 546
1150 988
1154 999
391 88
1100 870
643 248
994 667
704 302
747 344
908 536
574 195
864 477
986 655
562 187
785 384
1136 955
1024 720
1018 709
233 31
1092 853
162 15
1154 999
1131 941
519 158
1146 979
1033 736
1003 683
831 437
961 614
783 382
1030 731
1012 699
1106 883
1009 693
1115 904
983 650
950 598
1009 694
1139 962
1023 718
1023 719
853 464
951 599
1028 727
1009 694
488 139
718 315
831 437
1151 992
706 304
354 72
921 554
1020 712
942 585
1014 702
646 251
519 158
1110 894
1044 756
946 591
943 587
386 86
928 564
384 85
458 122
1151 993
271 42
412 98
484 137
790 389
588 205
977 640
760 357
911 541
970 629
1020 712
821 425
501 147
1025 722
426 105
1154 999
783 382
1095 859
598 213
657 260
324 60
1117 908
1012 698
992 664
393 89
1092 854
991 663
1140 963
961 614
1119 914
500 146
426 105
809 411
1081 830
522 160
1005 686
597 212
157 14
1088 845
1146 979
519 158
1130 939
901 527
1023 718
998 675
1128 935
632 239
720 317
849 458
966 623
961 615
810 412
826 431
976 639
552 180
1094 857
977 640
879 497
923 557
798 398
995 670
659 262
821 425
545 175
1082 832
1090 850
504 149
590 207
984 651
954 603
1098 867
696 295
837 444
1149 987
1076 820
1104 879
414 99
210 25
907 535
842 450
1148 985
959 611
805 406
307 54
904 530
746 343
1141 967
316 57
1150 988
1147 981
624 233
1022 717
1134 950
1027 726
1152 994
899 524
1148 985
1151 991
1058 783
1083 835
993 666
901 526
938 580
836 443
530 165
904 531
1104 879
994 667
948 595
1037 744
42 1
310 55
944 588
1097 865
887 508
831 436
255 37
782 381
577 197
778 376
430 107
537 170
766 363
1124 926
1110 894
302 52
600 214
1046 760
1128 934
877 494
1046 760
1008 691
1075 817
776 374
833 439
929 566
1136 954
1022 717
792 392
953 602
527 163
188 20
797 397
1083 834
344 68
558 184
1135 952
719 316
1050 768
820 423
677 277
438 111
913 543
919 552
780 379
788 387
436 110
996 671
1072 811
361 75
1028 728
504 149
287 47
94 5
1020 712
683 283
905 532
866 480
251 36
1041 752
1050 768
1044 756
683 283
865 478
574 195
804 405
508 151
779 377
682 282
1024 720
899 524
545 175
1066 799
516 156
555 182
884 504
815 418
700 298
871 486
1121 918
615 226
1040 749
768 366
1128 934
789 388
892 514
956 607
304 53
1017 707
828 433
605 218
1099 868
990 661
690 289
759 356
1072 812
916 548
1138 959
670 271
296 50
1071 810
201 23
1089 847
948 595
1136 955
973 633
537 170
1101 873
640 246
517 157
878 495
1098 867
432 108
784 383
1001 679
731 328
1023 719
321 59
730 327
944 589
1035 740
560 185
881 499
1020 713
1078 825
708 306
693 292
996 672
1081 831
1111 896
875 491
790 389
570 192
764 361
1152 995
838 445
393 89
347 69
1094 858
1051 770
1097 865
989 659
1081 831
819 422
1082 832
1125 927
818 421
1079 827
919 552
884 503
1005 687
1112 897
1010 695
313 56
1132 945
952 600
525 162
728 325
825 429
1119 913
1143 971
469 128
527 163
814 416
1095 860
986 655
738 335
251 36
1078 825
495 143
567 190
677 277
822 426
1146 980
1058 784
667 269
857 469
1066 799
961 615
1032 735
847 456
1069 805
981 646
910 539
1095 860
352 71
809 411
162 15
1042 754
1140 964
1131 942
329 62
1126 930
352 71
1001 679
94 5
865 478
568 191
780 378
706 304
1091 852
524 161
1081 830
1016 705
952 601
1118 912
891 513
511 153
639 245
1000 678
619 229
401 93
995 669
859 471
923 558
925 561
1127 932
905 532
909 538
800 400
1145 976
1103 877
1104 879
1151 993
585 203
555 182
951 599
1091 851
388 87
861 474
761 358
968 626
680 280
1095 859
1025 722
630 238
1000 678
924 559
1083 834
321 59
967 624
1064 796
698 296
1098 867
1046 761
1035 740
783 382
1052 773
1106 885
293 49
1017 708
356 73
1072 812
1119 914
602 216
926 562
157 14
862 475
616 227
815 418
877 494
936 577
1059 786
454 120
784 383
1012 699
795 395
720 317
426 105
808 410
998 675
1136 953
905 532
724 321
805 406
1056 779
339 66
928 565
896 519
1092 854
897 521
619 229
1098 866
949 596
406 95
1129 938
1112 897
846 455
850 460
866 480
965 620
244 34
948 594
1123 923
508 151
751 348
1015 704
1142 970
746 343
1008 692
318 58
1066 799
790 389
790 389
1146 978
985 653
814 417
868 483
898 522
1001 680
956 607
844 452
966 623
1104 880
94 5
1101 872
940 583
845 453
458 122
126 9
1076 819
1008 691
972 632
1021 715
1080 829
313 56
321 59
222 28
1095 859
498 145
522 160
845 453
1098 866
800 400
966 622
1081 830
1095 859
509 152
762 359
609 221
1101 872
981 646
991 663
1019 711
670 271
904 530
278 44
934 573
918 550
1136 955
666 268
1129 937
449 117
695 294
426 105
226 29
386 86
987 656
755 352
1119 914
1020 712
506 150
789 388
493 142
287 47
222 28
930 567
364 76
1150 989
1063 794
963 618
1050 768
1031 732
884 504
896 520
119 8
1078 825
1068 803
918 550
904 531
1071 810
782 381
944 589
1092 853
820 424
834 440
783 382
1067 801
1005 686
823 427
462 124
401 93
533 167
656 259
629 237
716 313
596 211
1113 899
126 9
332 63
1034 738
869 484
1054 777
1140 964
1000 678
685 285
1058 784
1134 949
449 117
856 467
1092 853
974 635
1110 893
681 281
777 375
632 239
1057 782
879 497
996 671
1065 798
1012 699
942 585
992 665
677 277
439 112
1081 831
583 202
1103 877
1144 973
882 501
683 283
896 520
978 641
554 181
965 620
484 137
201 23
1088 844
1151 993
860 472
657 260
1126 931
546 176
1126 931
761 358
1038 745
1050 769
578 198
1032 734
1094 858
881 500
1116 907
1045 758
244 34
950 598
937 578
1004 684
780 378
646 251
772 370
226 29
1087 842
1117 909
554 181
412 98
1004 684
795 395
602 216
1057 781
579 199
963 618
557 183
1137 956
1075 817
936 576
530 165
1144 973
843 451
843 451
472 130
820 424
1136 953
782 381
1016 706
168 16
601 215
299 51
831 436
835 441
911 540
241 33
1108 888
1087 843
787 386
371 79
671 272
934 573
750 347
1009 694
890 511
733 330
864 477
899 523
1102 876
568 191
1128 935
646 251
313 56
594 210
861 473
685 285
361 75
1113 900
946 591
921 555
849 458
1138 959
601 215
731 328
432 108
800 401
598 213
904 530
1077 823
951 599
1052 773
316 57
762 359
318 58
1097 865
567 190
860 472
1088 845
567 190
586 204
1009 694
1022 716
1031 732
815 418
916 547
94 5
1149 986
545 175
925 561
500 146
504 149
1106 884
843 451
1137 957
786 385
1061 789
1050 768
397 91
307 54
408 96
967 624
1020 713
796 396
875 491
575 196
511 153
262 39
410 97
548 177
1057 781
1136 955
1081 830
1103 877
886 506
391 88
971 630
205 24
1028 727
1049 766
1108 889
145 12
843 451
1059 786
1139 962
939 581
914 545
679 279
1042 754
549 178
754 351
478 133
614 225
441 113
1139 962
1081 830
1040 750
798 398
1017 707
932 571
1002 681
1143 972
1060 788
942 586
871 487
1151 993
868 483
562 187
940 582
1000 678
805 406
721 318
251 36
906 533
720 317
753 350
551 179
891 513
501 147
581 200
962 616
770 368
728 325
666 268
453 119
719 316
896 520
942 586
1132 944
970 629
991 662
761 358
1084 837
1111 896
815 418
1153 997
891 513
665 267
832 438
1134 949
1115 905
918 550
1106 884
1086 840
812 414
486 138
765 362
861 473
861 473
226 29
1109 891
922 556
517 157
1026 724
782 381
921 554
268 41
952 600
888 509
472 130
881 499
624 233
618 228
536 169
906 533
1144 973
517 157
898 522
594 210
1126 929
684 284
961 614
1067 801
465 126
1097 864
1106 885
536 169
1137 957
748 345
445 115
430 107
823 427
1038 746
1106 883
488 139
1061 789
896 519
310 55
1131 943
382 84
592 208
744 341
304 53
59 2
710 308
749 346
891 513
1102 875
995 670
943 587
702 300
825 429
1039 747
806 407
1018 709
508 151
1129 937
1092 854
719 316
418 101
948 594
959 612
1132 945
1149 986
1121 918
825 430
653 257
683 283
684 284
1146 979
756 353
656 259
634 241
856 467
1006 688
793 393
230 30
868 483
593 209
880 498
1134 950
840 447
610 222
955 605
588 205
695 294
1018 710
296 50
854 465
458 122
769 367
1101 874
1069 805
516 156
321 59
635 242
536 169
73 3
1032 735
1032 735
904 530
871 486
901 527
886 506
509 152
326 61
1102 875
984 652
1047 762
1056 779
965 621
1126 931
830 435
918 550
755 352
183 19
496 144
347 69
772 370
721 318
770 368
1020 712
787 386
1127 932
1042 754
364 76
549 178
1126 930
968 625
222 28
1099 869
1118 911
1123 923
1006 688
849 458
1136 954
811 413
1011 697
812 414
965 621
534 168
635 242
531 166
719 316
1151 991
977 640
1055 778
1134 950
543 174
1008 691
214 26
1021 714
905 532
1112 898
782 381
1140 963
891 513
998 674
540 172
1061 789
967 624
1122 920
1064 795
1004 685
543 174
1148 985
1089 848
862 475
1128 936
582 201
1119 914
1003 683
1128 936
1037 744
1119 914
981 647
920 553
753 350
517 157
157 14
768 366
570 192
422 103
469 128
871 486
1010 696
1132 944
1118 912
1149 986
1037 744
1123 923
1118 912
1044 757
660 263
513 154
976 639
139 11
868 482
321 59
103 6
880 498
361 75
917 549
1005 686
460 123
1049 766
964 619
1039 747
897 521
349 70
878 495
899 523
785 384
1088 844
602 216
1154 1000
972 631
424 104
857 468
1016 705
761 358
685 285
1005 686
875 492
1082 832
814 417
1033 736
310 55
983 650
958 610
1090 849
356 73
471 129
1139 961
173 17
865 478
754 351
1063 794
1107 887
1132 944
1128 935
822 426
1109 890
737 334
759 356
557 183
774 372
119 8
226 29
921 555
1089 847
827 432
278 44
484 137
476 132
700 298
1006 689
531 166
1121 919
796 396
551 179
957 608
399 92
695 294
769 367
948 594
938 580
1133 947
678 278
640 246
731 328
1103 878
514 155
723 320
638 244
782 381
861 474
807 409
491 141
1142 969
855 466
1063 794
274 43
73 3
773 371
899 524
568 191
941 584
840 448
506 150
1110 894
1049 766
721 318
386 86
414 99
364 76
1047 763
230 30
785 384
728 325
996 671
1125 928
1088 845
694 293
744 341
549 178
991 663
59 2
1008 691
627 235
486 138
1152 995
1077 821
1064 795
833 439
887 508
1018 709
1096 862
1117 910
1041 752
1065 798
1148 985
1099 868
609 221
527 163
927 563
519 158
1106 883
1022 717
1057 781
999 676
530 165
749 346
915 546
1138 959
366 77
819 422
1148 983
1071 810
979 643
577 197
1012 699
656 259
730 327
1110 894
860 472
1149 987
1152 994
593 209
1054 776
625 234
997 673
1136 953
1125 928
551 179
800 401
904 531
1118 911
1005 686
539 171
434 109
930 567
807 408
854 465
820 423
683 283
789 388
1104 879
416 100
453 119
1052 773
133 10
700 298
1136 955
426 105
1117 908
1137 957
814 416
406 95
1153 997
1125 927
1086 840
536 169
1149 987
943 587
854 465
656 259
773 371
1103 877
361 75
942 585
1080 829
646 251
677 277
1102 876
1051 771
493 142
562 187
1031 733
925 561
909 537
296 50
570 192
103 6
987 656
958 610
1146 978
794 394
428 106
868 483
1109 891
588 205
1125 928
770 368
657 260
918 550
1140 963
845 454
1146 978
356 73
1016 705
1147 981
1101 873
545 175
1041 751
639 245
391 88
458 122
558 184
537 170
904 531
851 461
980 644
793 393
73 3
632 239
748 345
1101 872
1058 784
1115 905
940 582
988 657
1128 936
849 459
973 634
1096 862
899 524
836 442
1101 873
695 294
498 145
980 645
1081 830
1061 790
965 620
271 42
1152 994
973 633
1009 693
999 677
1021 715
731 328
675 276
921 554
1080 829
953 602
1066 799
649 253
727 324
864 477
1115 905
925 561
310 55
801 402
989 660
554 181
1045 759
586 204
972 632
313 56
1048 765
356 73
1094 857
744 341
839 446
972 631
751 348
913 543
815 418
1128 936
536 169
1114 902
947 593
812 414
874 490
946 592
1102 876
972 631
682 282
593 209
1139 961
126 9
1125 927
59 2
991 663
610 222
992 665
995 669
1052 773
854 465
914 544
971 630
1066 799
784 383
1148 984
1060 787
724 321
201 23
1062 792
598 213
903 529
635 242
901 526
577 197
860 472
1123 922
1143 972
508 151
1097 865
1061 790
519 158
548 177
936 577
984 652
410 97
516 156
619 229
776 374
1099 869
1129 938
555 182
598 213
850 460
753 350
406 95
977 640
1015 704
995 670
736 333
783 382
902 528
552 180
307 54
846 455
656 259
770 368
635 242
1065 798
271 42
1081 831
326 61
624 233
1101 874
310 55
708 306
738 335
754 351
941 584
814 416
570 192
1149 986
562 187
1108 889
724 321
893 516
531 166
197 22
720 317
747 344
852 462
501 147
781 380
516 156
959 612
1025 721
871 487
1037 744
496 144
956 606
978 641
928 564
1108 888
1103 878
688 287
531 166
241 33
326 61
952 600
814 417
145 12
1055 778
839 446
651 255
549 178
436 110
1146 979
723 320
770 368
594 210
831 436
878 496
1153 996
1004 684
931 569
516 156
811 413
700 298
1112 898
960 613
1134 950
278 44
979 643
460 123
656 259
871 486
439 112
395 90
740 337
1072 811
268 41
770 368
963 618
830 435
481 135
789 388
896 519
782 381
1004 684
902 528
1102 875
1057 781
738 335
792 392
761 358
840 447
598 213
1111 896
1138 959
571 193
996 672
1094 858
441 113
1099 868
666 268
434 109
956 606
636 243
928 564
1005 686
1073 814
551 179
624 233
1059 786
1145 977
1132 945
994 667
821 425
1097 864
157 14
1057 781
504 149
262 39
1023 718
736 333
483 136
945 590
742 339
835 441
958 609
1068 803
1141 966
1146 978
878 495
1046 760
762 359
710 308
474 131
974 635
696 295
999 676
1083 834
652 256
1088 845
1010 696
1090 849
1101 873
530 165
1025 722
1118 911
1000 678
842 450
728 325
944 589
760 357
782 381
192 21
1115 904
849 458
808 410
1113 899
971 630
746 343
1042 754
813 415
1113 900
255 37
1012 699
397 91
934 574
1115 905
958 609
1150 990
884 503
806 407
925 561
704 302
773 371
822 426
1108 888
344 68
1072 812
993 666
946 591
1008 692
572 194
881 499
59 2
983 649
1046 761
970 628
488 139
831 437
493 142
985 653
766 363
329 62
868 482
1041 751
549 178
815 418
554 181
1142 968
663 265
933 572
959 611
528 164
1085 839
445 115
815 418
824 428
1148 984
1112 897
1149 986
757 354
533 167
1142 970
445 115
880 498
720 317
1011 697
932 570
921 555
453 119
939 581
73 3
998 675
1076 819
1033 737
641 247
704 302
757 354
632 239
1062 792
814 416
962 616
1072 812
1122 920
434 109
833 439
1001 679
326 61
557 183
806 407
1016 706
930 567
1132 944
42 1
884 503
723 320
954 603
981 646
380 83
794 394
1131 943
1013 700
1150 989
1113 900
1102 875
936 577
966 623
760 357
274 43
1061 789
145 12
287 47
828 433
1150 988
996 672
767 365
1056 780
1078 825
606 219
1099 868
1084 836
965 620
729 326
1065 797
862 475
575 196
692 291
978 641
744 341
694 293
847 456
627 235
807 408
1140 963
597 212
42 1
959 612
950 597
755 352
1043 755
1137 956
733 330
168 16
1016 706
183 19
368 78
1114 903
815 418
568 191
906 534
1096 862
913 543
1145 977
820 423
803 404
527 163
501 147
627 235
858 470
1138 958
496 144
927 563
1038 745
575 196
1014 702
870 485
886 506
802 403
660 263
1062 791
1073 813
1020 713
726 323
173 17
1079 827
861 473
465 126
865 479
536 169
641 247
807 408
844 452
714 311
946 591
1037 744
792 392
825 430
548 177
168 16
1146 979
634 241
1023 719
980 644
533 167
516 156
517 157
717 314
471 129
908 536
570 192
815 418
520 159
302 52
859 471
971 630
1087 843
1013 701
384 85
701 299
103 6
403 94
647 252
329 62
347 69
1111 896
1025 722
763 360
799 399
248 35
1041 751
829 434
703 301
808 410
985 653
1020 713
1078 824
656 259
329 62
525 162
976 638
759 356
173 17
630 238
449 117
924 559
157 14
453 119
906 534
1005 686
817 420
740 337
551 179
1093 855
426 105
1038 745
534 168
814 416
1012 698
756 353
1077 821
830 435
923 558
672 273
885 505
1091 851
1074 815
1010 695
1115 904
517 157
1020 712
1142 968
1138 958
1082 832
233 31
462 124
1098 866
1039 748
552 180
304 53
574 195
465 126
763 360
439 112
567 190
525 162
806 407
1108 889
955 605
352 71
960 613
932 571
546 176
961 614
810 412
912 542
633 240
674 275
817 420
1096 862
783 382
1038 746
681 281
625 234
755 352
1139 962
1006 689
1083 834
1026 724
1137 957
214 26
957 608
1068 803
1110 894
1024 720
310 55
924 559
931 569
1088 844
1066 799
944 588
825 429
888 509
678 278
932 570
980 645
674 275
201 23
265 40
525 162
349 70
1104 879
1051 771
133 10
943 587
733 330
1088 844
710 308
853 463
1038 746
1088 845
524 161
316 57
592 208
192 21
462 124
975 636
1066 800
1100 870
733 330
486 138
983 649
1073 813
342 67
1132 945
1012 698
794 394
976 638
293 49
1107 886
766 363
1135 952
302 52
205 24
577 197
888 509
1057 781
1014 703
1072 811
1088 845
441 113
1064 795
959 612
919 552
982 648
1106 885
1006 688
932 570
727 324
1087 843
709 307
907 535
962 616
293 49
241 33
976 639
963 617
1078 824
807 408
636 243
1074 816
787 386
987 656
960 613
839 446
910 539
1069 805
503 148
832 438
1059 785
1133 947
999 677
935 575
882 501
861 473
926 562
670 271
919 552
695 294
1096 863
689 288
761 358
601 215
495 143
1004 685
1069 805
956 606
551 179
530 165
1110 894
597 212
458 122
799 399
636 243
1121 919
645 250
954 604
996 671
766 364
825 429
373 80
241 33
403 94
647 252
1075 817
1089 848
735 332
826 431
1147 982
1053 775
1009 694
1007 690
652 256
1007 690
847 456
978 642
627 235
162 15
950 598
685 285
197 22
783 382
1065 798
1124 925
865 478
1148 985
952 600
1061 789
777 375
875 492
570 192
605 218
875 491
326 61
963 618
708 306
495 143
994 668
401 93
1015 704
619 229
938 580
854 465
906 533
1120 916
1151 992
840 448
1118 912
1101 874
1018 710
1093 856
332 63
1149 986
946 591
578 198
979 643
1147 981
837 444
1123 924
941 584
434 109
549 178
636 243
42 1
1134 949
1010 695
1050 769
652 256
615 226
525 162
1102 876
1120 915
432 108
798 398
255 37
354 72
1120 917
1107 887
845 454
983 649
723 320
339 66
938 579
827 432
1113 899
854 465
1120 916
1153 996
1140 965
934 573
1054 777
1042 753
814 416
634 241
1064 796
552 180
481 135
790 389
942 586
922 556
690 289
800 400
500 146
1142 970
693 292
1150 989
683 283
793 393
948 594
976 638
1146 978
436 110
986 654
616 227
1126 929
1082 832
262 39
1022 716
1011 697
210 25
980 644
1047 762
748 345
772 370
620 230
1038 746
1079 827
963 618
948 594
524 161
192 21
785 384
656 259
1142 968
1009 693
949 596
1123 923
968 625
1052 772
536 169
1002 682
940 583
980 644
326 61
980 645
1007 690
133 10
813 415
391 88
424 104
474 131
982 648
1150 988
1084 837
615 226
1002 682
511 153
574 195
1078 824
979 643
693 292
1025 722
214 26
445 115
1055 778
748 345
696 295
707 305
1140 963
1083 834
1104 879
1067 801
611 223
548 177
447 116
982 648
857 468
950 597
810 412
971 630
554 181
839 446
710 308
214 26
675 276
647 252
1018 710
1020 713
800 400
1065 798
1146 980
820 424
777 375
977 640
958 610
344 68
619 229
183 19
1100 871
1142 969
1090 850
313 56
1099 868
763 360
884 504
649 253
795 395
1100 870
1067 802
986 654
1142 968
904 531
845 454
344 68
1083 835
1015 704
606 219
925 561
575 196
770 368
1091 851
458 122
1052 773
579 199
1112 898
948 595
742 339
1004 685
1123 924
1040 750
1117 909
710 308
874 490
1095 860
904 531
1117 909
782 381
634 241
660 263
966 623
484 137
1109 891
1104 879
872 488
734 331
1106 884
992 664
1033 737
1152 995
380 83
803 404
1065 797
627 235
1023 718
845 453
1083 834
752 349
460 123
896 519
678 278
919 552
842 450
593 209
942 586
244 34
863 476
251 36
1146 978
890 511
650 254
1075 818
984 651
1006 688
531 166
545 175
1026 723
478 133
1056 780
802 403
989 660
636 243
1112 898
669 270
835 441
1014 702
1052 772
787 386
533 167
962 616
1151 993
675 276
384 85
632 239
784 383
823 427
675 276
1126 930
915 546
1066 799
1014 702
781 380
870 485
733 330
318 58
902 528
976 638
1030 730
578 198
635 242
895 518
922 556
921 555
1099 868
1010 695
733 330
894 517
825 429
1087 843
768 366
265 40
969 627
1021 715
928 564
1116 907
625 234
804 405
1152 995
972 632
1152 995
347 69
1068 804
1050 769
1023 718
1044 756
1136 953
875 492
1121 919
501 147
705 303
1122 920
564 188
560 185
916 548
1027 726
1095 860
1104 880
498 145
546 176
1054 777
743 340
570 192
938 580
1061 790
1095 859
1023 718
614 225
244 34
797 397
915 546
1082 832
974 635
1031 732
984 652
251 36
849 459
1040 749
1073 814
1083 834
832 438
1124 925
659 262
807 409
740 337
782 381
988 657
692 291
251 36
713 310
410 97
937 578
126 9
831 437
1006 688
692 291
1098 866
1001 679
682 282
1048 765
945 590
386 86
912 542
178 18
684 284
681 281
1013 701
1044 757
1099 869
871 487
1086 841
1063 794
197 22
255 37
601 215
471 129
514 155
880 498
894 517
843 451
1147 981
615 226
1044 756
856 467
1147 981
778 376
934 574
1124 925
1128 934
716 313
1066 800
841 449
197 22
568 191
978 641
723 320
657 260
824 428
634 241
966 622
1034 739
673 274
733 330
479 134
658 261
997 673
500 146
356 73
771 369
997 673
806 407
495 143
1088 846
514 155
393 89
460 123
735 332
921 555
953 602
1149 986
1002 681
860 472
1016 705
1026 724
1083 834
1055 778
880 498
356 73
728 325
274 43
1121 919
418 101
790 389
1018 710
983 650
1088 845
1036 741
766 363
1148 984
352 71
1012 699
946 592
791 391
554 181
687 286
1142 968
754 351
537 170
1016 705
987 656
649 253
868 482
917 549
893 516
1008 691
737 334
664 266
934 574
914 545
1114 902
768 366
826 431
730 327
817 420
1126 931
887 508
972 631
1058 783
685 285
1063 793
1093 855
1140 965
1139 961
931 569
782 381
1037 743
730 327
718 315
1108 888
908 536
293 49
589 206
1009 693
1138 958
571 193
386 86
373 80
1131 943
737 334
585 203
783 382
619 229
865 479
931 569
1115 905
780 378
401 93
733 330
843 451
727 324
1150 989
1113 901
821 425
672 273
928 564
1149 986
410 97
1004 684
1078 824
922 556
781 380
918 550
775 373
685 285
1017 708
767 365
1095 861
905 532
991 662
660 263
567 190
733 330
724 321
865 479
354 72
1033 736
1044 757
1032 735
863 476
1030 730
491 141
938 580
1106 885
436 110
382 84
1110 893
1030 730
384 85
342 67
916 548
594 210
958 609
536 169
772 370
1128 934
928 565
356 73
669 270
968 625
827 432
754 351
961 615
596 211
952 601
133 10
326 61
624 233
683 283
218 27
1143 971
783 382
892 514
751 348
1104 879
1065 798
949 596
1047 762
755 352
900 525
1105 881
948 595
951 599
718 315
460 123
1066 800
923 558
412 98
1027 726
989 660
921 555
1128 934
914 544
1146 978
1103 877
816 419
377 82
412 98
1065 797
954 603
881 500
911 540
495 143
1137 957
887 508
998 674
420 102
630 238
438 111
942 586
968 626
139 11
1131 942
1012 698
857 469
1072 812
836 443
757 354
393 89
139 11
872 488
1040 749
881 499
717 314
403 94
688 287
809 411
1010 696
773 371
1144 975
1002 681
928 564
787 386
307 54
1046 761
914 544
1066 799
1114 903
679 279
1144 975
168 16
1099 868
527 163
976 638
1140 964
640 246
991 662
798 398
986 655
667 269
683 283
972 632
503 148
875 492
640 246
520 159
716 313
589 206
1015 704
484 137
1069 806
380 83
866 480
695 294
1095 861
218 27
1106 883
1131 943
665 267
931 569
607 220