knapPI_14_200_1000_1
294 94
706 506
616 416
1192 992
849 649
437 237
657 457
1015 815
646 446
622 422
991 791
559 359
867 667
798 598
207 7
744 544
534 334
966 766
1194 994
1093 893
833 633
331 131
628 428
900 700
817 617
1074 874
1020 720
619 419
994 794
396 196
1197 997
316 116
1108 908
739 539
907 707
769 569
737 537
1131 931
1026 726
687 487
972 772
713 513
281 81
1143 943
258 58
503 303
964 764
736 536
924 724
989 789
679 479
342 142
539 339
841 641
396 196
694 494
366 66
1024 824
408 208
911 711
1000 800
514 314
489 289
601 401
666 466
889 689
1033 833
425 225
444 244
1049 849
313 113
579 379
561 361
265 65
786 486
886 686
486 286
1089 889
324 24
691 491
1091 891
390 90
381 181
414 214
217 17
672 472
618 418
619 419
556 356
882 682
606 306
401 201
585 385
1152 952
700 500
394 194
937 737
624 324
1192 992
424 224
460 260
297 97
510 210
849 649
1119 919
263 63
1158 958
1104 804
718 518
628 428
737 537
546 346
353 153
1171 971
862 662
397 197
291 91
729 529
426 126
947 747
669 469
970 770
1134 934
923 723
1095 895
768 568
372 172
1158 958
583 383
508 308
1170 970
783 583
348 48
1230 930
769 569
203 3
220 20
809 609
1087 887
1025 825
1230 930
1104 904
441 241
579 379
576 376
1162 962
1089 889
643 443
516 216
538 338
360 160
606 406
359 159
231 31
504 204
720 420
353 153
625 425
531 331
765 565
1038 838
209 9
1218 918
733 533
432 232
1157 957
791 591
876 576
946 746
577 377
1158 858
286 86
634 434
858 558
479 279
1140 840
935 735
774 574
426 126
1212 912
939 739
1021 821
825 625
1117 917
401 201
1193 993
349 149
252 52
959 759
467 267
456 256
983 783
317 117
816 516
480 180
225 25
580 380
912 712
466 266
516 216
knapPI_11_500_1000_1
114 582
38 194
133 679
95 485
612 396
171 873
918 594
408 264
714 462
510 330
114 582
76 388
57 291
204 132
1020 660
816 528
190 970
510 330
114 582
714 462
152 776
38 194
918 594
190 970
612 396
510 330
306 198
95 485
816 528
714 462
114 582
76 388
918 594
133 679
102 66
306 198
612 396
1020 660
102 66
1020 660
918 594
510 330
918 594
114 582
76 388
57 291
918 594
95 485
612 396
204 132
918 594
38 194
19 97
152 776
76 388
918 594
816 528
204 132
204 132
114 582
95 485
408 264
76 388
1020 660
204 132
510 330
714 462
114 582
918 594
510 330
408 264
306 198
133 679
133 679
19 97
114 582
19 97
306 198
133 679
1020 660
408 264
57 291
152 776
102 66
57 291
918 594
306 198
1020 660
918 594
102 66
171 873
38 194
1020 660
171 873
171 873
204 132
171 873
816 528
152 776
612 396
918 594
510 330
1020 660
171 873
19 97
714 462
918 594
95 485
204 132
190 970
114 582
171 873
152 776
204 132
816 528
816 528
95 485
612 396
38 194
76 388
510 330
152 776
306 198
918 594
171 873
204 132
306 198
612 396
190 970
510 330
204 132
306 198
816 528
1020 660
408 264
204 132
19 97
306 198
714 462
133 679
306 198
57 291
816 528
95 485
102 66
133 679
152 776
510 330
190 970
714 462
19 97
612 396
408 264
204 132
133 679
102 66
38 194
190 970
38 194
57 291
76 388
76 388
38 194
133 679
102 66
1020 660
102 66
714 462
1020 660
152 776
152 776
1020 660
171 873
190 970
95 485
714 462
57 291
190 970
57 291
714 462
816 528
133 679
306 198
816 528
102 66
114 582
57 291
76 388
1020 660
306 198
204 132
612 396
152 776
114 582
918 594
816 528
408 264
133 679
510 330
190 970
190 970
19 97
95 485
714 462
114 582
714 462
306 198
171 873
1020 660
114 582
612 396
190 970
204 132
171 873
76 388
510 330
918 594
95 485
95 485
133 679
1020 660
510 330
102 66
1020 660
38 194
19 97
76 388
114 582
1020 660
57 291
19 97
102 66
510 330
190 970
102 66
612 396
171 873
190 970
114 582
816 528
918 594
171 873
204 132
190 970
816 528
714 462
19 97
76 388
190 970
190 970
152 776
612 396
133 679
612 396
76 388
102 66
1020 660
918 594
306 198
57 291
1020 660
38 194
57 291
57 291
38 194
816 528
76 388
306 198
918 594
171 873
714 462
612 396
171 873
1020 660
171 873
612 396
918 594
152 776
190 970
408 264
76 388
76 388
408 264
510 330
171 873
204 132
19 97
76 388
714 462
918 594
133 679
816 528
408 264
95 485
76 388
714 462
408 264
190 970
612 396
714 462
76 388
816 528
408 264
38 194
152 776
306 198
38 194
612 396
190 970
152 776
204 132
102 66
1020 660
76 388
95 485
171 873
204 132
1020 660
171 873
816 528
133 679
19 97
612 396
204 132
102 66
114 582
1020 660
510 330
102 66
306 198
816 528
816 528
612 396
102 66
76 388
133 679
1020 660
152 776
133 679
408 264
102 66
612 396
918 594
19 97
38 194
408 264
204 132
190 970
306 198
204 132
204 132
102 66
816 528
204 132
306 198
171 873
612 396
714 462
38 194
38 194
133 679
190 970
1020 660
1020 660
204 132
19 97
306 198
76 388
38 194
918 594
171 873
816 528
38 194
816 528
102 66
612 396
102 66
19 97
19 97
408 264
190 970
114 582
510 330
612 396
95 485
1020 660
95 485
19 97
102 66
190 970
152 776
19 97
19 97
95 485
38 194
918 594
102 66
38 194
1020 660
38 194
76 388
408 264
114 582
133 679
76 388
76 388
152 776
171 873
102 66
1020 660
918 594
612 396
114 582
204 132
76 388
612 396
510 330
114 582
76 388
918 594
612 396
714 462
204 132
171 873
133 679
57 291
408 264
133 679
19 97
816 528
918 594
95 485
152 776
714 462
19 97
133 679
190 970
510 330
76 388
114 582
38 194
408 264
76 388
114 582
816 528
190 970
38 194
171 873
408 264
133 679
408 264
408 264
114 582
19 97
38 194
918 594
190 970
171 873
114 582
133 679
57 291
612 396
510 330
714 462
76 388
714 462
114 582
114 582
204 132
102 66
133 679
714 462
133 679
612 396
171 873
816 528
816 528
408 264
190 970
152 776
76 388
57 291
816 528
38 194
152 776
190 970
38 194
57 291
19 97
38 194
19 97
114 582
1020 660
510 330
95 485
133 679
1020 660
510 330
816 528
57 291
knapPI_12_500_1000_1
582 582
194 194
679 679
485 485
312 396
873 873
468 594
208 264
364 462
260 330
582 582
388 388
291 291
104 132
520 660
416 528
970 970
260 330
582 582
364 462
776 776
194 194
468 594
970 970
312 396
260 330
156 198
485 485
416 528
364 462
582 582
388 388
468 594
679 679
52 66
156 198
312 396
520 660
52 66
520 660
468 594
260 330
468 594
582 582
388 388
291 291
468 594
485 485
312 396
104 132
468 594
194 194
97 97
776 776
388 388
468 594
416 528
104 132
104 132
582 582
485 485
208 264
388 388
520 660
104 132
260 330
364 462
582 582
468 594
260 330
208 264
156 198
679 679
679 679
97 97
582 582
97 97
156 198
679 679
520 660
208 264
291 291
776 776
52 66
291 291
468 594
156 198
520 660
468 594
52 66
873 873
194 194
520 660
873 873
873 873
104 132
873 873
416 528
776 776
312 396
468 594
260 330
520 660
873 873
97 97
364 462
468 594
485 485
104 132
970 970
582 582
873 873
776 776
104 132
416 528
416 528
485 485
312 396
194 194
388 388
260 330
776 776
156 198
468 594
873 873
104 132
156 198
312 396
970 970
260 330
104 132
156 198
416 528
520 660
208 264
104 132
97 97
156 198
364 462
679 679
156 198
291 291
416 528
485 485
52 66
679 679
776 776
260 330
970 970
364 462
97 97
312 396
208 264
104 132
679 679
52 66
194 194
970 970
194 194
291 291
388 388
388 388
194 194
679 679
52 66
520 660
52 66
364 462
520 660
776 776
776 776
520 660
873 873
970 970
485 485
364 462
291 291
970 970
291 291
364 462
416 528
679 679
156 198
416 528
52 66
582 582
291 291
388 388
520 660
156 198
104 132
312 396
776 776
582 582
468 594
416 528
208 264
679 679
260 330
970 970
970 970
97 97
485 485
364 462
582 582
364 462
156 198
873 873
520 660
582 582
312 396
970 970
104 132
873 873
388 388
260 330
468 594
485 485
485 485
679 679
520 660
260 330
52 66
520 660
194 194
97 97
388 388
582 582
520 660
291 291
97 97
52 66
260 330
970 970
52 66
312 396
873 873
970 970
582 582
416 528
468 594
873 873
104 132
970 970
416 528
364 462
97 97
388 388
970 970
970 970
776 776
312 396
679 679
312 396
388 388
52 66
520 660
468 594
156 198
291 291
520 660
194 194
291 291
291 291
194 194
416 528
388 388
156 198
468 594
873 873
364 462
312 396
873 873
520 660
873 873
312 396
468 594
776 776
970 970
208 264
388 388
388 388
208 264
260 330
873 873
104 132
97 97
388 388
364 462
468 594
679 679
416 528
208 264
485 485
388 388
364 462
208 264
970 970
312 396
364 462
388 388
416 528
208 264
194 194
776 776
156 198
194 194
312 396
970 970
776 776
104 132
52 66
520 660
388 388
485 485
873 873
104 132
520 660
873 873
416 528
679 679
97 97
312 396
104 132
52 66
582 582
520 660
260 330
52 66
156 198
416 528
416 528
312 396
52 66
388 388
679 679
520 660
776 776
679 679
208 264
52 66
312 396
468 594
97 97
194 194
208 264
104 132
970 970
156 198
104 132
104 132
52 66
416 528
104 132
156 198
873 873
312 396
364 462
194 194
194 194
679 679
970 970
520 660
520 660
104 132
97 97
156 198
388 388
194 194
468 594
873 873
416 528
194 194
416 528
52 66
312 396
52 66
97 97
97 97
208 264
970 970
582 582
260 330
312 396
485 485
520 660
485 485
97 97
52 66
970 970
776 776
97 97
97 97
485 485
194 194
468 594
52 66
194 194
520 660
194 194
388 388
208 264
582 582
679 679
388 388
388 388
776 776
873 873
52 66
520 660
468 594
312 396
582 582
104 132
388 388
312 396
260 330
582 582
388 388
468 594
312 396
364 462
104 132
873 873
679 679
291 291
208 264
679 679
97 97
416 528
468 594
485 485
776 776
364 462
97 97
679 679
970 970
260 330
388 388
582 582
194 194
208 264
388 388
582 582
416 528
970 970
194 194
873 873
208 264
679 679
208 264
208 264
582 582
97 97
194 194
468 594
970 970
873 873
582 582
679 679
291 291
312 396
260 330
364 462
388 388
364 462
582 582
582 582
104 132
52 66
679 679
364 462
679 679
312 396
873 873
416 528
416 528
208 264
970 970
776 776
388 388
291 291
416 528
194 194
776 776
970 970
194 194
291 291
97 97
194 194
97 97
582 582
520 660
260 330
485 485
679 679
520 660
260 330
416 528
291 291
knapPI_13_500_1000_1
234 114
39 19
1053 873
351 291
585 485
78 38
117 97
234 194
312 152
156 76
156 76
273 133
351 291
351 291
312 152
468 388
156 76
585 485
468 388
1053 873
702 582
1053 873
819 679
234 194
39 19
1170 970
234 194
234 194
351 291
936 776
468 388
351 171
351 171
156 76
351 171
390 190
468 388
156 76
312 152
390 190
468 388
702 582
234 114
1170 970
195 95
117 97
351 291
936 776
585 485
78 38
702 582
234 114
117 97
117 57
117 97
819 679
234 194
702 582
702 582
156 76
39 19
351 171
1170 970
117 97
156 76
390 190
390 190
78 38
1053 873
936 776
312 152
156 76
312 152
39 19
351 291
39 19
819 679
585 485
234 114
585 485
1170 970
468 388
195 95
351 171
312 152
273 133
1170 970
312 152
390 190
936 776
390 190
1053 873
585 485
390 190
117 97
117 57
78 38
117 97
234 114
273 133
702 582
936 776
156 76
702 582
585 485
351 291
312 152
156 76
351 291
468 388
117 97
117 57
273 133
39 19
468 388
1170 970
390 190
195 95
702 582
1053 873
39 19
1170 970
117 97
234 194
234 194
819 679
234 114
936 776
702 582
585 485
1170 970
156 76
234 114
234 194
156 76
78 38
78 38
117 97
1170 970
1170 970
195 95
234 194
117 97
1170 970
585 485
936 776
117 57
117 97
702 582
585 485
1170 970
195 95
936 776
468 388
234 114
585 485
234 194
273 133
273 133
351 291
351 291
117 57
273 133
117 57
117 57
468 388
78 38
234 114
936 776
468 388
273 133
351 171
234 194
351 171
39 19
351 171
78 38
117 57
351 291
351 291
234 194
390 190
39 19
390 190
156 76
390 190
351 171
117 97
195 95
234 114
390 190
468 388
156 76
585 485
585 485
468 388
156 76
78 38
117 97
702 582
1053 873
585 485
351 291
39 19
234 194
585 485
156 76
156 76
351 291
702 582
351 291
702 582
195 95
936 776
273 133
39 19
936 776
702 582
195 95
351 291
39 19
234 114
936 776
234 194
390 190
585 485
39 19
585 485
273 133
702 582
819 679
195 95
390 190
468 388
117 57
390 190
1170 970
1053 873
117 57
1053 873
78 38
312 152
585 485
702 582
351 291
702 582
468 388
117 57
117 57
273 133
819 679
195 95
156 76
1053 873
702 582
117 97
1170 970
312 152
234 114
312 152
351 171
1170 970
819 679
273 133
195 95
819 679
936 776
585 485
234 114
78 38
273 133
702 582
78 38
1053 873
312 152
195 95
312 152
156 76
819 679
819 679
234 194
117 97
585 485
312 152
78 38
351 171
702 582
195 95
195 95
234 114
936 776
273 133
234 194
234 194
117 97
819 679
78 38
936 776
273 133
78 38
312 152
1053 873
78 38
312 152
1053 873
351 291
234 194
1053 873
234 114
1053 873
1053 873
702 582
234 114
156 76
117 97
195 95
39 19
156 76
312 152
819 679
234 194
1053 873
819 679
702 582
468 388
312 152
351 291
936 776
234 114
702 582
390 190
468 388
78 38
390 190
390 190
39 19
273 133
156 76
195 95
117 57
312 152
390 190
312 152
1170 970
117 57
819 679
78 38
468 388
195 95
390 190
702 582
234 114
156 76
390 190
312 152
1170 970
585 485
702 582
1170 970
819 679
351 171
117 97
819 679
156 76
156 76
312 152
819 679
936 776
585 485
1053 873
312 152
117 97
234 114
273 133
78 38
702 582
702 582
468 388
39 19
39 19
312 152
819 679
351 171
156 76
936 776
1053 873
1170 970
351 171
117 97
234 194
1053 873
39 19
117 57
39 19
819 679
585 485
390 190
1170 970
1053 873
390 190
195 95
351 171
936 776
351 171
351 291
819 679
819 679
195 95
351 291
936 776
234 194
156 76
468 388
39 19
234 194
1053 873
156 76
702 582
819 679
195 95
234 194
468 388
1170 970
312 152
39 19
117 97
585 485
390 190
39 19
351 171
312 152
78 38
39 19
39 19
156 76
117 57
585 485
351 291
702 582
1053 873
195 95
117 97
312 152
351 171
819 679
156 76
117 97
351 291
117 57
312 152
351 291
468 388
234 114
585 485
117 97
351 171
156 76
195 95
195 95
819 679
117 57
273 133
1170 970
234 114
702 582
1053 873
156 76
195 95
273 133
234 194
234 114
39 19
390 190
117 57
702 582
273 133
702 582
234 194
156 76
39 19
585 485
819 679
351 291
234 194
117 57
195 95
351 171
273 133
351 171
39 19
1053 873
273 133
819 679
78 38
78 38
39 19
117 97
156 76
468 388
234 114