f0-hd-kp-99-864
74 521
42 139
91 706
22 28
36 293
70 844
12 459
3 302
80 216
74 696
19 571
43 544
77 245
8 403
34 472
2 9
21 20
29 716
72 288
49 503
36 144
50 63
91 811
41 713
10 763
81 730
96 805
27 724
41 137
45 654
53 580
82 447
6 423
54 575
29 820
25 117
26 350
41 410
2 636
60 749
40 721
41 47
57 282
5 382
73 570
87 604
40 513
25 232
28 843
6 416
36 773
55 425
53 551
37 631
35 324
33 618
91 257
24 175
12 713
25 3
21 313
61 121
69 622
99 702
75 453
100 648
60 475
13 551
59 582
14 245
63 415
1 834
30 290
71 32
25 162
24 67
94 667
56 151
14 668
75 747
91 65
67 346
36 302
23 810
38 513
43 630
69 141
54 575
16 630
57 602
4 659
21 504
41 486
43 397
57 663
32 424
36 32
33 661
11 388
864
f1-hd-kp-66-879
73 831
15 279
30 50
6 292
17 43
35 286
42 730
48 709
96 773
27 266
28 765
45 4
30 371
4 133
61 829
65 534
20 730
53 476
32 582
28 19
73 156
53 794
42 605
48 332
14 718
64 224
12 672
68 2
25 694
87 612
90 288
2 187
30 66
14 692
64 620
5 818
29 292
48 227
87 573
45 694
41 649
8 316
56 652
40 373
15 148
16 367
79 331
22 580
36 583
81 270
90 709
19 364
21 153
26 70
45 274
57 320
35 614
76 298
45 661
18 576
84 404
41 264
17 783
97 449
74 742
43 203
879
f2-hd-kp-163-314
91 39
45 125
54 130
87 219
59 181
43 312
64 155
54 75
67 138
13 85
98 172
8 147
49 97
55 190
91 261
22 95
40 86
52 76
89 285
91 312
31 42
83 76
98 171
52 185
30 184
53 206
100 134
23 143
76 146
2 175
4 255
9 62
26 284
45 142
53 253
7 226
18 183
39 148
32 242
86 283
62 147
92 242
5 95
26 140
66 232
94 298
99 134
3 69
73 106
81 77
67 47
86 50
31 184
9 16
48 117
69 36
73 262
35 125
57 19
19 297
59 298
82 218
84 254
44 45
50 210
12 109
2 9
42 39
44 88
33 209
14 152
85 83
76 250
56 211
33 138
89 300
45 225
95 257
77 114
48 20
66 194
95 63
85 306
57 25
43 200
95 297
16 220
57 108
100 154
34 174
10 302
43 250
79 310
67 12
50 251
13 36
4 152
14 311
38 206
61 141
93 243
33 55
55 299
57 95
14 225
37 260
35 175
23 314
95 151
58 224
38 58
21 10
30 14
83 70
60 192
8 50
93 259
75 277
98 66
90 278
78 205
82 67
32 241
98 296
13 118
40 192
16 106
70 117
49 217
100 70
65 84
74 117
54 274
56 82
68 4
70 225
35 294
62 172
68 213
14 135
100 269
86 83
26 108
87 28
89 103
25 164
89 302
13 124
90 264
58 46
68 83
86 73
69 113
96 130
17 174
2 152
98 7
33 227
56 124
6 48
91 197
29 27
47 215
314
f3-hd-kp-175-731
63 459
94 184
52 143
60 513
45 542
10 306
27 522
50 675
86 717
31 689
5 465
35 267
84 554
23 405
21 276
75 595
7 559
76 427
16 429
78 161
24 703
33 168
10 540
68 525
27 672
95 269
32 108
48 76
96 51
13 660
76 537
74 380
49 608
38 131
46 403
5 730
12 187
64 169
82 286
41 725
9 28
96 552
29 620
96 15
22 709
64 209
51 363
95 437
16 514
91 618
69 726
58 504
26 590
6 594
55 168
71 508
40 180
45 298
14 300
72 216
80 186
35 727
72 146
94 204
16 537
69 226
24 614
76 488
1 403
5 687
46 311
98 129
35 64
33 401
74 129
72 408
85 481
9 78
27 206
36 442
79 360
60 414
95 665
9 465
80 504
62 366
75 629
34 486
71 89
4 325
8 599
26 117
27 475
37 537
17 545
77 723
10 696
84 398
54 533
54 567
4 611
7 163
75 623
100 428
52 674
32 469
24 37
3 154
44 402
86 294
83 432
5 466
29 413
90 371
42 428
98 569
77 332
57 417
1 110
56 215
30 257
41 43
12 230
53 502
98 421
84 83
47 639
68 284
36 568
55 593
35 85
5 238
70 334
43 556
42 349
3 712
100 352
52 662
7 236
90 201
62 578
35 549
63 717
40 339
22 549
33 389
74 644
25 582
68 464
87 412
99 385
90 701
11 598
60 606
28 550
61 587
44 128
96 320
88 235
87 91
70 15
42 166
89 554
73 509
11 544
71 445
73 396
58 385
54 63
82 349
36 646
76 439
82 594
77 227
82 175
731
f4-hd-kp-17-413
65 343
5 395
33 69
82 285
70 291
58 413
28 386
18 148
18 270
38 126
11 13
50 156
15 181
67 34
9 374
86 46
52 77
413
f5-hd-kp-104-123
74 29
3 22
35 64
81 74
38 47
38 1
37 101
31 22
15 79
11 35
48 64
19 117
56 83
10 65
74 2
58 94
18 25
89 116
47 60
45 111
77 66
58 3
40 79
41 13
12 10
83 27
80 29
57 31
5 83
5 81
5 80
53 79
18 106
57 45
65 38
88 17
95 64
12 37
92 74
75 7
15 96
1 38
56 15
46 5
80 80
24 105
45 95
78 9
49 122
82 22
41 30
14 19
3 75
46 66
14 59
46 1
6 15
36 38
55 42
6 67
66 41
33 46
34 105
65 16
20 45
51 25
13 118
21 105
92 82
30 110
16 5
75 1
79 40
42 53
52 1
24 27
41 36
46 70
96 110
98 30
64 113
97 62
6 42
97 91
28 120
22 82
63 107
73 54
93 75
21 102
41 120
53 103
99 111
48 60
62 73
80 43
8 83
97 23
77 80
68 68
63 22
81 103
29 111
63 49
123
f6-hd-kp-153-506
34 318
89 242
2 231
60 447
5 403
100 226
1 44
96 371
34 92
82 115
13 11
1 103
90 18
60 197
16 381
80 132
64 135
37 141
31 251
48 87
39 456
69 369
33 169
97 410
92 133
24 379
84 492
2 406
100 318
41 121
44 208
1 253
57 449
57 211
48 194
92 155
66 349
33 272
100 312
19 161
43 256
95 359
95 430
72 425
89 484
28 240
56 126
96 189
96 351
60 450
71 102
56 252
76 298
72 471
94 236
13 42
79 174
47 427
4 419
71 328
78 395
11 110
58 497
77 414
59 108
39 316
42 197
41 270
67 293
74 99
55 443
34 77
95 148
6 54
69 122
27 439
30 34
19 199
93 312
13 176
2 117
42 378
83 166
35 477
80 133
40 132
51 381
78 184
88 424
74 408
68 362
49 311
96 444
40 71
89 283
67 277
33 123
71 394
55 471
25 187
37 198
33 165
67 13
59 328
41 454
100 100
31 406
56 462
29 190
57 470
25 22
32 252
100 177
67 135
44 23
23 252
17 283
37 395
24 230
89 269
48 424
47 121
72 419
93 368
74 182
75 89
86 252
59 48
39 267
39 136
92 6
81 13
19 477
9 321
8 291
56 503
8 490
63 4
53 162
76 63
57 399
78 471
37 327
41 430
73 436
88 320
85 123
16 358
99 233
30 12
17 320
95 475
63 432
506
f7-hd-kp-110-747
20 557
3 616
27 171
72 650
50 60
88 628
22 656
34 489
68 51
89 632
12 469
64 52
25 470
72 372
25 360
98 448
45 550
100 28
72 717
28 603
98 124
62 3
77 415
61 446
84 197
6 735
11 103
25 257
35 204
29 634
4 151
66 695
19 407
80 645
31 97
96 525
30 7
56 288
86 30
35 610
73 92
65 568
74 453
35 185
18 608
64 551
82 297
86 686
93 432
95 522
42 510
91 36
36 631
21 126
33 507
55 738
9 651
47 657
82 500
41 678
100 651
5 343
69 6
45 418
58 612
44 191
57 47
46 361
10 328
90 695
5 495
97 353
31 257
23 476
26 44
74 306
14 382
63 718
67 523
28 438
75 306
91 3
77 579
49 580
22 536
83 483
23 561
34 209
89 286
52 140
86 738
78 467
94 419
19 700
70 707
62 566
10 437
87 43
99 116
6 630
83 200
16 365
22 272
66 191
6 103
78 685
100 409
31 720
37 701
100 138
747
f8-hd-kp-175-63
26 36
26 35
31 2
56 33
5 60
24 26
62 25
29 45
63 1
100 4
94 28
50 11
27 11
79 41
62 51
89 10
83 40
69 3
31 22
50 22
22 7
42 34
87 10
17 2
70 53
67 8
31 52
70 39
50 61
34 41
10 33
43 41
28 25
75 11
79 37
23 48
27 21
63 40
75 37
21 57
38 60
9 31
57 56
66 22
47 46
34 16
48 40
57 51
46 4
66 17
70 43
23 2
47 23
80 38
92 33
44 15
32 50
62 44
67 26
41 42
17 59
22 2
76 58
100 29
43 14
62 13
22 23
47 23
41 1
98 33
45 4
47 36
37 25
12 39
55 27
27 46
17 36
63 54
37 56
30 19
19 2
74 28
59 40
56 49
20 52
37 31
45 1
14 56
28 48
50 25
20 24
67 6
38 53
9 52
81 24
70 52
69 21
20 12
48 33
93 58
91 14
51 34
42 57
74 25
44 52
87 61
27 43
98 14
98 13
58 46
67 51
78 7
30 61
25 26
100 48
11 8
43 35
96 54
9 9
53 46
73 19
12 37
20 16
94 50
28 20
54 24
50 28
98 18
21 8
5 56
83 39
3 1
57 6
70 63
9 10
93 51
47 43
86 33
39 58
3 30
69 29
78 42
57 24
36 60
40 30
87 42
9 2
61 39
3 10
2 38
25 44
66 32
29 19
1 34
77 6
46 33
7 8
71 10
24 40
45 32
51 50
26 63
77 56
35 1
4 38
59 25
42 9
38 34
75 54
88 25
65 43
75 44
32 36
21 34
76 38
63
f9-hd-kp-48-509
68 415
86 437
35 52
91 449
90 357
85 49
41 30
39 63
47 335
86 221
49 50
9 32
57 393
64 289
60 439
59 389
9 386
73 78
43 483
32 24
70 209
85 404
7 453
88 474
100 81
92 164
36 449
50 463
81 87
31 459
4 478
59 33
9 34
36 61
69 161
41 484
10 97
32 428
30 166
62 386
2 127
80 509
29 85
48 16
65 418
73 411
27 30
8 173
509
f10-hd-kp-116-792
93 120
77 270
84 464
72 304
24 555
77 42
33 447
90 767
37 474
56 766
76 238
68 19
1 6
83 73
55 286
23 692
58 85
83 642
48 450
49 635
61 183
81 347
3 340
53 580
38 715
18 607
63 163
63 436
1 745
75 446
92 194
80 550
46 156
76 438
60 308
16 403
57 440
90 232
17 681
28 167
64 689
36 269
39 732
10 254
51 39
87 79
35 62
62 670
28 398
63 56
9 602
74 735
8 158
87 310
59 764
71 384
63 484
52 587
72 33
93 76
82 628
12 738
55 411
28 548
11 122
1 421
24 761
4 453
80 610
91 181
6 366
2 24
1 162
59 493
61 768
2 518
49 411
21 617
24 371
38 61
27 275
8 123
11 277
22 523
86 593
10 135
2 628
94 153
55 250
30 378
3 128
68 321
3 57
13 424
25 304
26 234
89 252
26 536
86 71
35 53
47 775
61 336
2 557
68 547
14 686
41 781
86 369
69 774
87 54
49 155
15 670
7 781
57 517
56 694
28 499
73 537
792
f11-hd-kp-85-890
34 90
58 177
97 868
69 323
88 589
34 54
17 287
97 324
78 186
32 105
34 470
34 273
44 849
73 183
40 698
64 334
83 507
43 751
98 507
28 340
76 570
86 676
45 336
48 628
10 299
17 232
42 557
7 333
2 829
38 581
15 100
31 480
61 311
96 222
36 186
13 674
42 429
66 666
28 396
86 291
17 481
94 154
56 877
4 653
34 307
36 328
48 271
54 403
97 808
81 262
75 11
41 667
62 489
90 735
71 841
2 790
32 165
73 649
11 177
90 224
36 356
24 879
25 123
25 607
26 404
17 696
72 373
44 238
49 410
46 611
75 197
7 369
17 875
100 511
2 44
6 735
66 426
88 290
64 808
45 114
94 696
28 620
91 424
18 376
10 329
890
f12-hd-kp-196-905
19 38
80 714
28 784
22 792
95 394
67 824
78 293
96 587
27 19
37 547
24 440
66 879
7 173
32 426
30 820
70 110
78 27
14 751
48 30
11 767
27 530
61 377
61 676
5 875
4 28
15 886
7 196
69 200
16 644
51 609
69 194
82 28
50 53
92 373
41 566
78 530
97 431
27 834
75 759
23 513
47 797
15 333
62 412
40 690
3 758
79 886
37 74
53 542
42 569
31 510
100 671
61 636
45 869
61 305
25 702
59 12
39 527
81 881
28 418
53 674
100 183
65 51
32 143
21 543
46 754
40 824
86 242
19 103
46 88
28 886
14 902
52 660
62 135
69 15
57 170
13 200
93 652
11 84
74 439
42 256
11 285
35 38
62 686
100 516
51 354
81 253
17 35
8 246
28 860
63 821
46 27
1 150
20 637
84 307
86 115
91 141
76 696
70 329
75 290
83 500
28 62
20 500
100 88
15 743
47 880
69 566
93 427
27 706
54 74
78 168
29 158
81 455
73 653
3 103
80 651
18 688
46 548
73 531
44 274
71 46
31 606
82 431
46 49
28 729
84 585
16 854
39 745
7 318
30 477
86 667
15 282
32 589
15 884
21 556
8 325
25 415
3 861
95 132
6 495
24 882
100 901
4 894
97 873
80 629
12 606
44 351
23 449
51 677
28 847
26 434
68 825
3 531
56 430
12 612
76 151
27 451
59 531
40 136
71 713
86 306
65 131
40 395
49 396
58 359
34 401
30 641
88 138
31 415
64 660
88 304
78 109
94 57
20 208
74 24
50 255
50 804
5 851
64 40
96 347
89 148
63 322
15 681
61 132
21 315
86 516
63 600
88 66
45 149
94 376
70 733
64 786
16 406
84 481
68 58
86 412
42 631
905
f13-hd-kp-34-315
4 193
57 8
30 182
60 41
88 287
91 71
23 302
85 314
99 306
27 93
36 187
75 90
63 186
80 163
22 158
67 57
27 108
10 196
82 174
55 170
31 139
1 25
36 128
48 189
47 69
23 204
47 294
49 6
4 221
44 270
83 293
14 230
18 216
84 225
315
f14-hd-kp-107-342
70 35
64 299
19 216
48 164
26 71
30 282
94 135
32 150
42 331
38 284
67 2
35 177
26 105
56 109
30 36
86 273
36 117
59 259
22 27
20 70
56 338
61 241
13 126
60 99
49 155
97 211
84 178
73 338
94 178
81 30
100 332
12 197
78 340
98 169
11 301
2 194
2 161
31 72
14 301
91 49
7 242
5 69
65 266
65 94
80 57
99 248
30 301
94 190
61 1
8 285
85 139
50 173
96 281
92 190
18 42
43 217
10 276
85 327
64 154
100 70
29 266
80 140
69 225
68 38
68 291
95 58
28 27
67 86
2 150
63 21
69 241
4 81
11 226
96 232
96 188
1 238
62 218
66 171
25 11
1 247
85 192
52 5
72 240
9 255
96 248
88 56
62 182
30 266
10 322
59 269
47 219
15 271
16 211
43 281
57 251
70 20
81 337
66 219
18 30
8 244
31 55
50 170
28 289
46 150
97 145
70 51
49 182
342
f15-hd-kp-22-931
43 850
67 298
50 844
4 790
60 826
83 109
44 574
61 208
89 655
72 576
38 916
10 480
70 199
98 148
45 689
99 592
61 337
98 911
32 605
71 815
73 761
85 622
931
f16-hd-kp-194-515
72 51
83 22
53 50
69 507
66 39
66 107
73 258
36 165
22 459
41 374
1 428
96 23
80 320
74 55
38 481
36 476
59 294
87 117
47 10
35 501
55 432
59 41
64 345
30 286
49 274
60 304
55 121
17 268
67 170
36 391
73 287
98 433
74 164
31 22
22 424
5 154
64 109
82 211
82 371
25 243
18 195
26 291
48 457
95 7
18 99
67 168
45 291
8 498
45 350
69 431
29 80
39 82
72 324
22 184
21 104
68 112
67 178
57 394
82 396
61 281
90 428
42 435
84 373
81 409
87 123
78 156
79 269
48 149
49 265
4 378
67 213
94 498
31 332
49 419
19 262
81 93
4 157
5 114
64 377
91 410
26 152
63 406
37 186
18 450
1 228
65 418
2 37
52 271
83 362
40 206
18 318
39 159
63 188
67 417
79 171
12 50
3 138
7 512
63 243
57 317
56 269
78 278
89 128
85 320
46 235
79 408
6 340
62 170
69 2
74 139
45 266
7 143
93 490
23 448
69 273
40 24
15 54
34 480
8 199
50 480
83 170
83 13
66 325
36 251
48 290
13 139
7 350
66 124
44 432
19 438
15 413
30 105
98 344
97 406
6 170
9 60
45 285
80 438
10 39
1 480
23 351
72 95
21 19
74 94
26 66
53 308
4 475
69 78
74 119
56 428
34 344
100 452
62 13
82 308
76 48
65 60
87 117
94 483
15 65
90 382
46 105
21 419
18 50
66 411
93 54
46 466
34 341
58 29
80 185
38 279
13 18
62 439
75 317
13 100
68 263
13 371
72 101
75 220
26 425
99 110
7 478
64 417
84 84
10 384
42 197
34 404
23 207
52 484
36 308
84 452
77 232
64 387
16 219
65 494
515
f17-hd-kp-20-394
2 179
97 314
65 346
94 338
14 153
89 101
39 326
15 65
19 200
50 391
16 348
31 135
1 296
51 167
34 48
16 166
26 227
6 43
6 119
87 326
394
f18-hd-kp-92-110
38 48
94 59
35 25
52 58
25 51
3 92
63 77
13 109
2 41
50 84
69 17
28 31
78 74
48 88
65 11
92 94
72 62
35 102
14 29
8 89
92 88
27 18
76 58
65 50
72 102
33 93
43 1
37 77
32 47
85 104
44 44
30 73
39 78
88 43
92 25
30 95
15 26
9 60
23 110
9 49
8 55
10 2
31 59
20 80
69 49
95 32
66 74
12 53
18 29
26 25
68 35
91 72
89 10
92 46
48 17
68 88
84 42
11 87
89 78
5 69
86 1
52 67
45 102
70 89
29 23
44 95
70 63
61 64
75 52
21 5
76 84
69 98
27 64
78 26
100 102
16 79
58 99
90 94
99 57
65 29
68 53
60 91
54 72
31 48
93 75
40 84
62 25
4 92
47 6
47 87
99 47
90 46
110
f19-hd-kp-109-835
74 817
44 82
28 276
51 184
79 604
41 803
89 719
80 385
8 471
74 169
47 53
23 302
2 325
54 228
95 173
2 603
98 129
11 558
86 354
84 450
95 73
62 542
60 344
95 70
19 732
100 6
35 177
56 394
79 464
59 69
35 34
91 217
28 107
65 387
37 821
2 687
2 732
46 232
50 164
8 415
74 707
100 598
12 634
14 171
25 98
57 173
32 825
2 583
82 129
8 373
42 84
47 387
38 517
10 686
30 803
38 148
36 779
60 126
62 105
85 475
2 274
34 176
70 270
14 694
33 367
79 2
100 771
15 421
6 532
2 147
36 759
26 729
89 21
86 152
88 4
70 566
76 491
49 607
36 652
46 602
62 80
60 306
31 419
8 161
98 57
93 29
16 434
51 142
88 694
55 266
62 222
6 233
87 514
25 128
71 90
96 446
25 541
93 574
11 228
59 409
23 262
85 250
16 5
40 126
69 327
70 730
15 225
33 128
26 728
835
f20-hd-kp-136-390
21 321
82 352
16 114
92 53
55 237
94 180
81 387
2 302
64 380
7 269
12 76
56 82
29 218
24 271
50 127
34 155
23 260
50 341
73 375
2 148
49 169
62 218
90 225
47 24
63 60
72 309
76 178
52 255
20 188
65 307
62 65
32 357
25 368
28 249
92 13
2 291
32 144
37 243
55 66
15 226
6 323
54 240
89 108
34 301
85 321
15 340
82 333
34 332
52 298
100 177
16 218
89 66
21 149
93 123
95 188
91 205
91 6
1 57
90 197
50 385
74 226
6 105
36 129
94 308
51 147
99 285
99 75
91 9
2 302
98 220
38 260
92 351
7 167
87 219
42 27
43 68
90 62
94 219
58 74
81 319
34 72
19 203
28 375
35 349
43 13
7 360
47 253
3 314
54 159
53 354
26 290
9 280
12 314
35 114
49 342
75 175
13 376
2 288
53 247
84 242
2 5
67 48
31 13
39 280
36 371
19 252
1 200
64 151
23 311
5 182
66 317
80 373
21 179
39 60
9 319
17 7
12 47
56 258
99 322
13 299
76 1
4 390
14 134
81 323
44 74
72 363
92 291
66 117
26 20
32 197
4 176
42 49
32 56
47 114
28 355
83 272
390
f21-hd-kp-101-165
77 68
82 83
97 28
46 38
17 124
11 145
15 11
9 130
79 56
46 67
47 105
25 76
71 55
20 158
63 62
64 80
40 79
55 159
30 138
2 32
53 74
50 53
44 147
79 56
1 36
7 18
13 97
84 33
96 159
40 73
96 5
10 117
72 87
51 101
29 153
74 132
95 86
15 16
20 26
73 147
55 133
15 116
85 62
88 101
89 165
61 163
46 59
5 51
69 58
89 59
99 16
30 5
56 12
39 158
71 55
27 66
83 129
93 99
18 79
86 2
96 73
32 98
15 22
55 86
31 125
75 126
99 28
41 152
48 68
16 8
40 128
29 161
63 47
9 138
43 29
81 137
58 44
3 69
79 6
11 30
24 47
13 78
90 74
76 72
21 153
39 135
3 57
61 71
75 89
76 13
28 52
54 87
27 69
1 24
18 31
10 69
53 133
20 35
3 3
76 41
90 110
165
f22-hd-kp-40-449
24 51
91 354
58 239
85 197
37 380
85 291
35 388
43 356
10 111
62 139
75 28
79 405
47 52
72 100
76 280
54 409
70 300
42 100
80 360
16 116
52 271
84 299
32 209
68 259
23 285
79 259
21 26
97 337
72 74
83 38
6 230
93 373
33 355
54 374
94 285
57 123
92 223
22 263
25 302
36 69
449
f23-hd-kp-30-210
60 74
8 86
8 65
67 145
69 201
29 31
65 70
20 130
96 158
87 98
71 169
44 9
53 14
49 18
3 81
58 103
20 57
2 199
48 57
17 47
33 3
57 115
84 169
47 154
39 81
25 77
57 112
25 188
62 31
9 119
210
f24-hd-kp-74-647
94 601
81 320
5 519
99 163
98 524
60 612
70 382
90 314
52 274
34 213
15 176
47 463
61 363
91 108
44 435
87 444
56 259
74 255
22 520
55 105
74 37
65 125
53 614
59 362
56 180
83 596
90 418
50 638
7 538
43 458
33 509
91 507
34 122
97 536
51 478
36 163
20 289
99 298
66 129
87 395
60 52
12 333
93 548
27 208
64 86
76 455
38 574
33 239
27 319
43 182
1 546
34 66
60 156
44 638
12 333
8 535
6 595
60 304
42 238
10 127
83 504
18 455
36 299
11 150
14 324
33 413
53 492
97 589
68 325
56 627
47 336
40 216
33 136
94 212
647
f25-hd-kp-129-913
87 805
11 348
95 762
28 414
69 520
10 372
69 732
76 793
78 662
39 37
53 583
76 528
81 910
27 318
22 665
99 154
80 2
81 652
6 662
76 911
24 707
88 224
93 154
75 605
15 264
23 485
57 667
33 365
66 652
86 741
54 707
59 654
45 854
57 84
28 760
63 898
65 201
40 36
5 611
60 735
61 122
39 17
88 237
79 740
87 795
18 268
76 84
75 769
53 772
52 538
77 776
7 824
13 694
71 290
4 569
13 147
51 96
78 180
5 143
50 409
98 876
20 61
98 340
67 327
88 187
33 340
74 790
92 853
17 783
89 6
94 766
34 562
93 764
20 570
1 618
73 260
42 759
90 866
64 175
57 370
91 180
21 65
31 661
100 438
75 537
44 862
25 739
20 357
22 217
38 229
68 572
95 391
53 165
20 854
26 685
85 842
54 360
84 293
89 20
52 367
47 169
33 441
57 412
10 71
75 583
20 378
57 609
58 207
34 514
3 601
48 361
34 59
19 20
21 390
82 506
89 158
87 169
20 732
65 423
28 228
20 3
84 908
57 165
67 271
47 895
96 537
60 573
52 589
62 115
913
f26-hd-kp-194-545
24 424
50 541
42 441
54 349
24 187
88 38
91 75
79 251
92 52
44 268
67 126
29 2
86 530
47 397
38 472
2 32
7 349
6 513
10 183
69 90
75 526
18 496
34 206
52 444
46 266
45 128
47 75
86 90
22 142
8 106
3 371
62 412
2 102
14 122
19 84
74 178
81 266
52 153
26 492
3 44
54 117
72 447
56 28
55 310
99 111
85 218
32 192
18 164
72 263
15 46
6 7
45 493
22 481
33 102
98 514
16 470
17 39
41 320
19 5
8 414
70 293
76 471
93 64
58 497
65 188
75 496
96 106
53 8
72 516
88 416
11 371
43 173
13 76
17 83
14 195
82 485
43 158
16 19
55 72
15 431
85 151
21 510
8 30
27 507
32 6
33 20
7 268
51 78
92 372
41 343
87 212
72 48
9 256
39 504
86 17
100 415
92 395
74 359
11 126
66 422
19 201
73 434
98 4
2 510
40 438
79 12
92 172
95 269
34 377
7 387
1 64
13 440
64 416
28 123
76 358
26 228
83 237
3 88
83 308
45 301
34 524
82 338
85 139
14 60
99 40
45 345
41 525
42 528
32 51
14 129
37 365
100 369
49 393
87 454
28 292
75 61
64 538
68 344
42 69
54 267
51 87
100 441
93 433
30 197
57 466
67 442
79 158
7 270
97 108
66 261
17 517
13 94
47 457
14 84
47 360
69 118
73 524
97 78
95 58
73 35
9 304
48 527
5 278
54 277
43 75
23 156
89 342
64 186
71 204
6 444
67 280
73 375
60 489
67 360
68 108
62 484
39 103
68 421
34 499
84 327
94 528
17 472
31 341
30 187
35 307
91 277
91 133
10 510
21 5
56 378
32 257
75 280
100 530
62 457
545
f27-hd-kp-22-191
45 127
46 97
92 44
48 179
23 37
28 144
13 153
10 79
89 101
28 108
40 150
45 175
29 95
21 26
22 183
26 120
69 178
54 41
66 64
34 1
41 168
7 76
191
f28-hd-kp-35-896
64 200
98 735
3 624
84 156
93 320
94 710
11 857
37 436
68 727
5 395
47 449
91 448
81 180
81 761
47 733
60 698
15 807
20 642
73 400
95 551
13 103
66 406
29 421
24 663
93 23
37 142
1 578
79 420
41 742
46 26
17 98
36 881
72 293
42 839
7 652
896
f29-hd-kp-114-102
29 19
65 4
50 17
70 16
20 23
83 24
24 47
96 27
6 20
65 89
8 34
97 78
38 62
41 18
79 100
78 92
93 68
62 70
32 53
1 74
27 90
99 23
53 79
54 10
38 38
25 16
62 59
71 37
90 7
92 87
40 86
94 44
19 63
31 6
96 29
40 15
66 56
45 59
52 79
7 11
45 81
50 68
98 78
48 21
27 46
42 44
6 39
39 86
46 29
14 62
81 26
46 22
85 44
14 27
86 90
30 101
46 100
54 37
4 64
68 68
31 47
93 92
67 77
42 88
12 59
81 29
74 14
8 79
33 31
89 64
61 18
12 57
64 98
1 93
18 82
3 26
36 71
37 21
34 15
66 17
40 20
41 60
99 58
36 83
25 24
40 32
74 46
62 92
62 7
59 31
89 46
28 69
16 95
6 102
85 26
52 89
33 88
65 52
82 39
3 54
35 80
86 101
37 18
7 51
49 87
7 96
17 76
52 21
46 89
5 31
37 24
46 17
44 20
70 88
102
f30-hd-kp-119-581
51 398
78 315
27 543
20 149
18 96
20 60
42 497
95 123
97 571
98 164
95 58
7 211
94 472
57 580
56 95
98 501
87 135
22 158
64 476
12 565
46 70
26 432
54 143
83 573
11 209
63 260
87 493
55 562
18 208
15 543
46 572
35 302
72 362
46 305
12 397
8 533
40 182
77 216
58 104
16 244
92 81
76 179
46 167
65 165
26 307
92 80
73 129
44 106
20 354
86 499
3 372
54 467
78 171
86 346
77 453
36 279
29 574
10 290
13 428
25 173
33 515
31 50
9 186
31 150
48 425
1 245
51 526
69 385
92 491
10 9
32 119
71 520
28 425
62 557
43 419
47 497
8 402
48 96
38 318
28 505
72 475
2 449
78 128
99 4
79 17
41 89
20 306
90 231
87 574
39 254
64 448
57 286
42 294
93 281
39 126
1 504
27 82
16 357
48 444
97 174
58 304
47 482
7 137
90 73
46 62
63 407
61 249
29 140
47 282
19 88
88 297
1 535
68 164
39 167
27 70
96 115
85 445
3 262
64 260
581
f31-hd-kp-44-668
43 629
28 659
5 589
66 575
73 611
28 465
88 477
22 635
21 250
27 344
7 383
58 246
98 660
55 275
40 180
70 508
99 8
77 64
84 363
61 197
87 128
59 432
9 439
54 584
21 584
9 50
13 568
23 621
80 646
85 353
13 129
85 197
47 542
35 94
62 435
96 74
75 14
59 528
68 2
81 607
77 506
43 590
20 209
18 69
668
f32-hd-kp-30-74
13 51
71 50
31 42
40 63
74 24
93 61
82 10
29 35
72 2
92 33
62 28
54 49
81 34
14 7
64 9
96 52
15 73
53 25
29 52
98 33
42 69
22 61
61 50
22 45
69 4
8 73
40 49
97 36
24 28
41 36
74
f33-hd-kp-132-691
19 590
64 344
17 676
69 338
93 206
55 277
2 594
20 505
94 15
80 390
67 559
26 578
82 392
25 592
43 533
62 272
79 485
23 193
12 630
45 157
57 229
70 357
52 27
46 295
69 521
57 150
9 106
82 613
49 690
30 108
12 301
50 647
70 301
90 15
5 347
47 418
44 67
92 528
5 372
57 381
51 399
1 505
46 377
36 344
99 398
21 296
49 181
29 602
24 116
91 281
33 362
16 81
4 531
40 136
55 219
84 294
67 156
70 431
99 13
45 222
65 142
41 316
27 232
86 51
28 178
54 456
11 371
48 73
33 269
44 634
93 252
83 543
82 284
70 192
13 348
44 421
82 450
61 173
48 236
20 649
22 504
68 293
28 479
85 405
30 308
62 229
51 3
59 233
55 10
84 164
73 512
60 17
8 397
27 124
15 513
7 278
71 321
97 386
12 143
33 327
89 150
59 125
77 9
26 341
41 616
55 61
45 185
7 78
72 118
47 255
79 616
62 564
81 618
88 321
81 292
2 459
56 24
91 441
69 225
97 143
31 658
78 690
75 531
31 355
57 61
81 263
7 530
39 106
79 587
60 216
62 319
67 38
691
f34-hd-kp-158-894
68 234
65 180
42 602
64 644
100 125
72 232
8 836
66 889
38 44
30 667
22 506
52 706
15 660
64 25
10 647
44 390
8 805
99 767
52 553
97 555
74 555
6 805
98 752
55 887
31 437
4 244
3 223
60 454
96 199
49 733
13 110
98 488
85 721
32 76
39 458
27 672
19 124
63 839
28 156
94 294
59 346
39 28
79 889
85 552
76 868
2 303
90 551
98 638
97 889
92 797
42 5
30 713
74 832
87 795
45 891
54 448
76 498
56 799
86 271
67 573
22 131
20 378
100 580
35 386
39 770
1 156
70 126
81 181
21 541
12 51
31 626
35 796
20 616
26 447
91 624
13 378
35 829
23 401
69 472
60 565
31 2
94 306
66 145
52 26
8 409
87 747
50 592
67 584
7 187
70 455
56 131
2 261
98 893
52 170
48 815
6 274
86 819
93 144
46 74
86 311
4 808
96 43
45 679
46 395
14 774
86 339
7 465
71 6
97 504
94 270
49 624
23 504
69 657
39 195
57 319
22 345
75 148
59 77
68 554
20 113
48 4
39 383
91 278
43 839
72 890
78 173
71 45
8 723
62 133
72 296
53 494
4 76
85 47
97 135
70 572
67 682
41 289
34 656
17 644
23 306
15 357
94 24
90 473
24 110
63 448
38 170
15 298
55 662
92 186
70 889
70 488
14 308
14 394
3 2
61 257
89 595
52 425
79 26
894
f35-hd-kp-112-527
43 46
16 348
81 251
63 231
78 145
70 332
68 118
6 94
88 431
20 152
2 180
25 95
81 40
59 133
19 152
91 16
14 243
83 67
95 502
87 328
41 11
66 403
34 487
56 520
79 78
94 65
32 303
36 398
88 341
29 134
46 302
21 59
11 503
21 463
49 468
6 277
88 351
52 393
47 415
84 267
33 386
28 522
75 437
59 343
97 483
3 296
27 175
86 471
82 447
59 137
18 270
71 472
94 468
7 170
85 482
2 79
47 191
42 49
2 395
50 79
77 502
95 505
76 209
75 57
19 396
98 457
14 163
42 487
37 414
76 143
72 523
70 389
39 191
51 448
23 180
56 493
28 317
2 288
56 300
97 325
97 18
55 108
86 299
67 165
63 75
39 244
5 265
46 222
78 288
69 182
76 467
99 139
70 119
53 392
84 287
91 291
6 358
80 514
33 286
31 19
15 324
5 396
88 526
75 66
55 195
72 330
92 43
60 154
5 377
59 167
40 118
82 2
527
f36-hd-kp-186-786
79 720
29 533
54 190
89 615
15 701
80 4
3 97
79 4
79 397
49 294
52 785
75 480
8 384
34 673
33 610
23 242
18 240
77 692
8 750
20 223
87 569
63 327
94 413
93 557
74 248
11 772
9 577
82 769
99 308
78 431
82 577
1 417
39 397
64 143
1 4
38 111
52 659
79 564
31 782
14 176
25 388
53 416
84 223
87 187
81 684
90 533
4 597
15 657
91 670
82 734
71 84
12 559
71 579
64 479
53 515
64 43
24 321
68 83
69 311
4 453
74 673
19 45
14 386
25 386
47 151
97 628
70 281
80 462
53 482
87 612
94 207
15 122
21 251
75 693
12 290
48 664
45 590
72 738
50 327
13 417
76 622
54 605
35 600
37 560
30 696
23 204
89 568
30 121
95 470
44 604
93 72
25 771
1 224
83 114
63 751
77 465
38 603
89 312
29 274
74 611
92 126
86 424
95 634
92 256
70 509
68 11
66 284
28 189
82 170
42 774
86 773
57 224
67 484
40 718
22 744
14 519
78 269
36 64
41 554
21 197
47 385
97 764
44 288
29 345
68 616
50 767
58 433
56 455
11 601
38 726
93 549
58 2
81 206
51 667
86 294
48 381
34 692
70 278
60 567
18 420
17 503
77 100
66 94
76 385
24 763
8 765
12 133
82 127
84 609
95 359
87 549
48 343
39 174
54 479
35 786
12 473
68 594
21 48
15 489
86 407
72 757
9 769
34 779
60 455
78 379
92 503
39 91
74 619
83 409
20 692
55 725
47 577
66 177
23 540
89 81
61 731
41 518
27 398
59 25
9 237
44 532
40 744
36 658
57 688
16 350
100 39
786
f37-hd-kp-143-133
68 96
50 39
93 74
71 46
70 75
58 36
48 55
45 51
39 32
8 45
98 96
64 101
67 71
52 68
24 40
17 25
64 19
49 98
43 4
31 52
43 71
34 125
18 17
37 120
58 51
24 40
64 95
55 20
72 114
98 7
16 99
39 51
24 81
55 104
42 126
84 108
95 84
38 65
26 1
78 51
14 63
21 58
10 86
52 83
6 28
89 25
82 125
21 27
80 127
38 128
46 127
82 44
71 21
2 2
48 88
100 11
40 86
53 58
41 83
29 19
6 29
48 83
14 92
51 44
60 33
41 81
95 1
49 110
87 46
68 87
94 50
38 46
90 64
86 131
43 124
55 98
65 132
90 132
19 11
87 57
19 58
47 97
97 124
1 108
100 6
55 57
98 22
50 79
47 79
92 26
81 50
30 72
73 23
7 75
13 16
54 9
82 18
83 23
85 54
30 62
37 28
86 100
71 23
85 67
41 48
7 122
70 62
38 24
77 4
27 126
76 15
8 95
81 12
57 79
81 131
52 33
85 25
7 127
63 132
13 95
72 65
16 29
57 7
93 43
96 43
22 67
75 11
16 115
28 112
46 52
26 124
57 31
99 63
26 11
43 116
96 29
31 27
81 131
38 98
14 133
15 14
73 113
30 128
133
f38-hd-kp-58-345
66 212
55 319
41 163
14 282
82 328
97 196
49 245
56 271
90 87
20 292
47 53
31 203
43 5
1 236
30 287
83 277
81 294
8 35
24 294
67 268
13 178
87 249
84 167
6 219
41 134
75 157
38 289
20 329
16 220
30 24
97 81
16 214
24 238
62 245
4 341
49 333
60 286
42 119
75 114
22 202
79 56
22 343
70 79
33 247
100 339
35 277
96 8
17 72
100 316
47 94
90 332
97 146
33 218
61 155
14 18
78 235
35 213
30 88
345
f39-hd-kp-101-343
67 160
96 154
63 92
95 21
41 224
1 155
17 342
42 343
4 259
14 120
47 226
23 317
76 216
23 267
64 16
42 286
14 57
73 83
2 262
75 252
83 209
1 173
19 51
64 260
28 319
3 171
49 82
54 180
29 192
25 183
53 47
9 158
35 204
21 60
8 75
18 151
30 306
31 290
8 174
87 266
24 279
98 235
70 6
9 273
79 159
90 236
27 186
76 76
6 276
27 166
82 271
45 52
89 302
47 36
59 262
25 184
100 62
23 246
95 272
69 328
58 141
99 194
69 316
35 299
59 46
66 281
6 303
3 277
22 271
3 29
45 267
84 177
51 6
97 277
60 169
85 122
67 240
73 293
55 88
6 259
84 159
38 268
76 175
78 204
31 342
7 10
99 202
37 266
81 36
8 167
81 13
21 273
68 144
7 121
82 333
31 265
40 304
3 170
88 24
58 29
64 295
343
f40-hd-kp-116-879
19 792
3 767
97 4
52 577
99 450
81 582
63 366
48 92
47 412
23 109
61 244
18 217
73 122
11 813
61 116
77 105
74 340
42 42
57 508
16 15
9 771
2 203
84 855
66 154
92 456
3 429
32 101
32 256
50 668
73 298
45 691
60 727
15 484
48 308
71 66
67 101
46 419
26 408
46 390
91 115
79 499
5 646
5 504
10 550
57 440
7 668
14 182
37 41
8 591
38 124
55 708
32 600
45 151
43 447
89 649
66 4
24 59
85 68
25 722
57 426
79 692
32 195
93 100
73 737
22 711
26 201
32 416
95 643
71 590
80 434
84 606
87 832
5 474
58 487
15 236
45 206
66 406
3 676
82 544
21 537
16 9
94 221
61 206
20 782
74 271
5 221
66 185
41 257
87 445
3 25
20 168
66 140
32 557
40 203
9 291
31 529
46 319
33 348
92 365
85 427
61 9
81 84
12 164
41 53
11 717
96 434
45 408
18 44
52 532
72 8
24 840
49 450
40 89
78 47
5 765
25 299
879
f41-hd-kp-123-736
24 377
63 98
72 322
19 542
98 20
49 506
50 86
56 722
83 117
96 498
91 528
68 539
12 504
74 64
49 93
4 109
56 264
97 408
50 471
95 343
41 469
44 558
7 355
35 655
1 5
37 224
63 402
64 187
86 277
83 452
66 304
84 680
84 422
66 495
47 136
14 589
100 223
8 698
6 570
34 466
51 116
66 100
65 22
24 499
59 36
22 648
58 732
74 235
72 589
95 668
53 410
43 284
53 587
6 287
58 423
87 609
64 29
49 330
14 638
23 219
96 509
8 86
42 162
2 503
93 410
34 372
32 556
16 122
38 475
51 271
18 628
66 583
58 634
68 33
4 105
55 186
60 539
39 185
79 519
19 573
7 56
92 483
14 407
99 334
73 184
94 95
37 478
10 393
64 534
13 647
8 321
84 107
6 605
74 9
2 52
62 426
85 51
83 560
79 450
46 82
37 149
48 386
25 583
50 440
45 220
47 16
9 452
9 421
81 313
38 331
36 29
72 433
54 69
94 557
69 653
11 90
62 425
76 704
49 630
36 108
83 643
37 318
53 689
736
f42-hd-kp-35-137
5 52
75 3
5 107
25 39
6 103
94 31
48 119
51 46
36 2
84 94
23 45
96 109
10 83
29 79
51 52
67 28
20 110
57 60
74 66
87 87
27 105
96 111
22 119
69 60
7 25
45 87
97 87
8 73
91 55
85 81
65 39
18 1
57 45
79 96
89 89
137
f43-hd-kp-126-323
52 25
72 93
47 90
25 192
31 210
68 263
68 191
27 173
55 306
85 36
9 2
100 56
55 220
51 24
58 253
5 224
12 243
63 154
31 81
29 185
92 258
97 114
29 84
85 163
28 134
7 261
49 179
1 132
10 253
59 181
82 250
53 179
95 224
5 213
69 110
57 268
43 156
26 287
64 306
45 321
25 296
52 96
55 195
78 166
62 238
61 298
66 195
10 174
88 191
64 2
14 158
38 264
80 50
64 260
33 322
58 302
88 63
50 12
57 216
12 116
77 265
94 10
22 201
72 254
29 22
26 320
6 163
40 69
23 121
81 137
87 45
11 280
62 238
46 241
31 276
87 110
58 266
55 154
30 126
13 20
31 140
66 164
82 37
76 213
8 303
100 249
69 133
100 100
36 115
52 25
27 184
11 142
68 291
1 254
25 113
84 78
15 141
18 5
95 263
72 174
20 281
94 151
60 74
72 266
56 98
31 297
86 317
75 301
68 113
28 20
1 79
35 208
64 92
23 11
13 135
72 246
40 270
97 134
8 313
18 181
21 289
92 65
74 69
83 260
53 27
45 249
323
f44-hd-kp-140-704
17 384
94 36
48 254
99 309
66 50
51 201
18 154
84 471
50 611
100 193
7 372
90 435
87 291
61 410
99 403
76 453
77 304
52 426
66 278
51 125
94 75
20 87
100 76
11 333
56 170
65 253
88 144
23 258
21 137
46 603
13 433
3 276
43 562
42 359
14 528
11 116
89 499
58 260
42 359
77 476
15 246
84 144
16 96
21 106
13 232
2 686
52 300
94 386
19 215
83 166
48 242
86 399
94 359
70 298
39 273
34 542
27 170
46 546
29 643
11 238
10 597
75 89
15 244
61 523
34 644
10 181
7 386
89 88
59 136
66 257
76 569
72 196
21 686
100 332
41 539
5 252
79 137
88 491
36 603
31 543
31 534
62 89
52 662
54 168
20 609
97 149
90 666
69 237
28 359
55 215
33 596
80 20
36 3
9 193
18 210
43 201
93 86
29 678
26 556
80 447
41 593
6 536
64 25
77 353
11 304
92 704
70 457
14 230
17 490
95 627
26 216
65 377
12 197
52 302
75 306
44 171
73 522
91 680
74 282
59 78
52 25
90 108
63 255
8 645
43 636
37 554
14 683
5 156
57 676
48 578
58 37
30 647
46 80
13 237
29 660
39 217
62 218
74 185
50 568
19 426
704
f45-hd-kp-140-995
86 320
19 826
33 923
58 32
65 201
42 342
23 299
30 658
13 367
31 894
58 826
93 703
34 732
60 402
35 346
51 94
98 924
34 869
35 373
41 54
54 277
12 990
30 873
77 727
42 685
14 489
53 927
55 31
61 305
43 663
6 621
89 155
15 156
29 796
100 739
73 604
41 933
83 451
56 521
87 80
45 484
7 308
57 61
88 543
11 546
2 727
90 754
11 8
3 787
61 785
82 550
56 424
39 597
77 169
36 407
62 944
11 710
26 924
14 760
81 27
61 283
77 372
52 88
72 499
43 409
90 402
60 491
96 241
82 347
50 293
45 463
52 1
35 118
72 622
24 715
83 217
2 875
52 8
4 74
12 425
35 823
78 780
56 243
6 291
38 893
49 539
58 259
10 425
31 761
61 126
80 197
25 441
26 912
14 760
42 117
28 584
4 205
52 593
42 91
12 33
4 47
75 932
66 630
99 330
4 277
55 185
50 964
28 97
96 113
2 959
75 312
67 100
89 550
75 530
99 764
88 502
6 319
59 937
59 475
63 309
29 316
99 553
76 190
89 374
100 55
61 682
87 385
82 673
25 182
100 392
60 120
60 968
82 938
66 893
16 984
66 683
87 232
7 586
93 588
86 468
995
f46-hd-kp-185-212
61 14
6 211
69 165
38 180
91 87
45 164
49 109
2 78
31 165
87 28
44 85
28 182
30 64
14 108
66 73
90 180
93 47
19 165
48 25
59 175
21 3
100 207
69 6
87 99
43 105
91 148
2 156
78 121
46 29
46 192
41 53
11 207
26 152
75 115
76 132
34 82
19 42
69 102
26 46
81 207
12 78
30 37
2 34
3 82
56 15
11 15
71 198
73 175
17 67
91 143
70 17
86 111
3 157
3 203
70 168
20 132
77 46
68 13
86 45
69 49
53 89
89 86
40 37
77 202
41 129
27 44
2 120
36 161
73 157
26 48
61 154
77 34
79 183
23 37
44 64
83 71
43 37
32 177
40 58
89 74
74 22
12 46
47 79
2 157
57 111
49 114
82 55
8 23
27 65
65 105
99 105
58 43
47 30
6 82
64 132
1 120
56 69
96 63
76 162
35 158
21 205
92 124
27 30
73 33
95 130
49 153
24 152
74 197
99 52
77 91
25 131
36 203
4 18
43 177
85 29
37 21
61 71
5 117
12 161
51 186
6 62
42 17
57 178
29 111
81 36
51 82
49 64
34 204
23 71
64 163
39 187
34 81
13 34
28 67
95 99
28 163
14 129
98 97
83 85
37 137
46 84
32 113
85 162
75 190
87 129
16 204
42 46
31 35
19 22
29 6
3 90
23 18
82 195
20 202
73 158
48 161
26 13
83 158
12 13
38 182
70 36
75 206
16 164
14 200
4 187
60 38
19 112
59 139
30 32
83 208
97 140
35 170
79 153
2 103
45 193
72 10
56 24
63 69
68 39
5 23
70 121
25 146
18 153
77 211
12 127
212
f47-hd-kp-101-872
60 745
46 266
80 138
9 481
95 214
36 57
77 746
16 351
54 812
74 287
75 554
76 852
27 394
73 28
58 388
76 720
91 613
25 664
79 117
8 377
12 305
16 451
90 724
36 34
83 105
34 283
33 756
24 9
34 607
18 248
52 791
7 435
93 318
28 484
18 772
24 401
78 568
35 109
50 453
83 16
47 686
15 295
59 428
68 197
93 554
56 226
31 734
10 59
94 64
24 605
28 528
81 177
21 482
17 446
82 81
20 575
12 546
76 384
26 300
20 395
7 562
37 739
16 804
65 467
82 771
19 761
1 458
37 676
35 210
66 742
89 446
44 578
38 3
49 428
53 758
62 217
44 430
39 757
15 506
40 131
49 800
15 572
42 225
83 370
6 474
91 472
46 805
55 217
48 602
42 760
85 664
63 325
46 90
61 400
55 533
41 796
4 162
67 769
100 646
88 669
3 498
872
f48-hd-kp-164-880
96 638
68 828
71 602
20 538
77 83
23 707
15 722
21 791
27 496
23 773
50 241
39 78
26 556
6 104
18 222
67 422
87 140
100 642
65 237
28 185
81 691
66 638
29 754
8 565
46 46
2 609
24 724
79 731
74 497
76 271
76 325
17 540
67 866
76 677
84 814
30 320
30 398
69 322
49 532
25 496
20 429
27 560
8 112
24 847
61 844
76 608
56 733
74 735
84 316
51 693
44 725
45 95
77 125
71 39
3 53
72 507
67 699
31 347
67 350
31 123
78 42
37 623
8 680
53 167
87 746
88 534
7 658
78 782
70 386
17 241
16 43
51 475
59 155
79 37
85 225
41 64
77 643
57 412
84 431
72 574
45 789
12 765
31 147
9 44
76 205
84 437
44 42
93 758
23 467
72 595
20 76
94 292
43 107
98 477
48 552
42 528
22 374
28 215
2 50
13 443
32 774
62 808
5 310
89 233
64 78
95 409
49 576
96 832
9 360
82 695
96 134
43 278
77 626
43 261
25 175
13 716
48 823
58 585
73 130
9 388
18 230
52 574
27 393
65 466
54 363
61 776
63 515
72 548
6 524
87 63
39 543
4 808
9 762
59 197
11 223
27 436
84 734
52 219
19 805
29 604
59 819
29 75
95 414
91 811
48 560
80 587
70 395
15 240
44 421
44 177
36 364
94 81
75 375
52 365
8 244
71 685
43 163
93 261
72 79
27 714
24 801
11 428
56 847
17 592
880
f49-hd-kp-42-869
21 21
37 236
59 833
95 639
30 835
16 739
35 632
65 434
41 314
79 541
9 445
87 565
48 215
18 373
37 824
96 122
84 578
58 428
40 288
65 114
97 565
92 243
31 832
53 794
43 43
91 462
39 169
48 795
44 796
76 38
69 620
29 569
36 617
27 5
33 284
60 214
99 49
31 522
95 864
54 330
61 341
35 665
869
f50-hd-kp-31-112
15 51
21 88
24 40
92 59
92 43
100 92
43 10
46 81
27 83
41 66
87 81
90 14
1 14
89 44
47 51
64 43
78 72
75 72
23 26
24 93
33 47
79 26
87 74
70 8
25 81
98 76
28 107
53 15
69 17
76 16
25 101
112
f51-hd-kp-12-243
63 171
37 133
94 115
78 128
93 111
27 172
50 225
68 43
42 40
59 49
4 193
80 21
243
f52-hd-kp-153-542
93 248
45 6
95 320
45 439
83 275
7 320
21 198
82 44
5 169
18 420
96 415
6 395
2 309
77 247
59 450
67 347
45 530
60 137
34 180
32 449
53 449
68 459
9 141
32 137
15 199
96 470
34 79
33 69
86 126
50 57
57 460
69 434
17 452
18 391
32 417
51 501
89 461
79 524
6 9
99 157
55 402
43 151
62 365
10 46
73 247
59 318
62 218
51 501
40 80
91 243
25 467
82 499
31 319
84 250
48 284
89 269
58 261
50 60
13 430
81 477
82 164
88 63
2 509
58 267
39 74
14 250
42 184
71 520
42 64
5 472
38 13
63 422
35 97
61 484
100 257
7 223
71 492
46 21
22 396
17 176
25 467
63 422
33 424
23 150
11 68
49 362
59 266
29 294
53 359
22 2
59 457
82 212
20 540
49 268
14 266
100 67
53 288
72 276
15 358
83 167
38 19
30 73
54 342
26 199
44 396
75 540
1 497
67 138
56 103
75 129
5 385
80 196
34 101
59 17
72 109
31 496
41 540
51 396
19 205
34 425
92 34
41 361
83 370
38 133
5 437
44 116
87 119
13 373
85 14
83 411
40 309
38 479
74 239
55 192
91 292
12 152
60 303
5 90
5 319
31 322
36 506
3 122
83 531
39 90
35 427
99 363
32 286
85 152
43 429
58 161
1 531
80 375
80 196
542
f53-hd-kp-94-91
52 75
30 33
27 71
56 9
1 24
13 5
8 29
54 42
50 64
64 72
70 45
79 49
38 1
79 91
19 14
10 41
82 19
74 44
11 77
78 14
10 15
3 22
14 38
29 48
79 23
17 57
63 30
54 69
95 88
89 38
10 76
21 62
54 21
90 33
35 70
29 86
4 21
85 87
86 37
18 19
21 3
13 24
45 84
83 56
11 53
33 9
89 87
85 74
29 49
14 54
19 61
35 47
28 57
30 11
43 12
43 67
60 56
37 59
12 16
100 41
16 34
5 39
41 59
88 50
34 2
12 45
93 20
4 90
11 30
93 72
26 89
98 68
90 24
3 59
8 42
33 74
26 42
76 68
31 28
67 42
31 30
53 73
12 21
59 26
49 65
19 70
89 85
29 42
47 24
29 10
77 17
73 71
24 24
37 88
91
f54-hd-kp-64-925
8 839
78 306
95 480
56 794
34 116
7 634
37 77
96 328
78 717
91 612
47 883
87 252
64 316
97 923
8 841
67 640
59 207
89 874
34 555
13 901
89 518
14 620
64 218
7 376
66 192
13 178
79 342
96 699
20 47
81 268
81 266
75 166
78 618
41 638
45 315
32 301
17 798
81 914
34 438
67 211
51 444
28 65
63 164
22 846
45 328
17 4
76 369
8 412
52 169
80 556
37 498
78 375
82 568
28 538
43 263
98 501
3 278
46 161
23 140
81 866
33 440
41 17
76 24
1 307
925
f55-hd-kp-84-733
97 637
91 713
70 443
25 240
65 201
21 387
26 244
80 165
74 478
67 151
79 327
70 642
27 231
58 521
60 337
93 396
72 165
95 493
85 361
10 313
25 565
35 418
34 501
89 611
74 292
41 442
29 142
100 369
10 635
2 403
100 469
75 130
90 232
67 20
99 276
64 515
15 21
32 651
39 508
100 457
16 462
5 560
50 45
13 205
12 401
60 33
14 25
32 609
21 369
34 107
62 77
85 593
58 454
44 116
67 361
8 508
41 249
13 529
14 525
57 200
28 53
85 592
90 303
37 514
97 185
53 180
71 616
41 268
88 464
1 638
34 233
46 401
51 315
98 168
57 457
67 578
85 124
1 72
28 539
12 635
49 493
88 682
1 713
32 127
733
f56-hd-kp-30-389
73 122
28 373
26 136
57 124
68 44
11 229
95 243
74 36
59 296
33 291
58 370
4 338
60 285
20 301
6 136
98 37
13 146
39 62
6 78
39 69
46 330
83 332
34 112
22 292
48 171
12 37
94 387
14 276
34 356
69 2
389
f57-hd-kp-197-391
68 49
74 165
54 230
74 48
57 80
3 15
70 315
70 16
62 35
92 167
12 329
71 237
4 353
51 148
14 255
93 4
13 353
27 85
67 372
50 296
35 165
3 280
21 28
85 217
46 129
2 220
99 134
76 331
5 387
40 161
41 347
9 348
1 83
54 109
80 116
43 155
33 51
64 288
88 32
67 280
19 9
70 86
62 280
18 332
74 378
99 4
52 282
20 99
52 164
52 335
8 9
92 56
71 171
93 195
95 338
11 159
23 301
97 360
57 388
2 175
53 76
56 231
21 282
16 73
6 239
8 265
69 282
20 322
96 335
41 17
46 277
81 230
19 227
4 192
99 144
7 330
4 310
35 381
53 297
33 249
49 375
30 378
98 375
78 157
23 284
18 165
54 92
44 259
61 235
91 342
49 6
25 106
26 209
43 52
17 59
63 356
65 236
41 21
13 45
3 283
65 13
99 303
96 207
34 231
90 180
45 322
23 190
22 72
42 259
19 256
41 47
38 63
54 74
59 384
93 327
19 189
71 18
61 200
54 70
36 77
79 9
19 285
8 17
77 259
19 370
73 320
86 18
71 296
89 201
81 40
60 25
44 225
88 98
17 196
64 117
86 299
32 227
40 106
87 367
79 110
33 208
60 151
1 326
18 126
66 322
28 226
84 180
77 68
78 204
77 380
33 287
87 179
99 281
96 283
64 322
48 178
62 105
70 275
44 164
74 246
27 83
53 167
74 324
20 83
84 33
7 124
64 27
37 354
29 102
38 304
30 106
65 178
48 105
99 78
57 191
67 244
22 57
23 293
54 61
52 210
19 204
86 72
25 31
88 165
95 242
48 3
14 11
59 183
30 257
19 86
97 89
70 57
24 73
43 290
75 150
55 145
85 288
391
f58-hd-kp-101-958
5 889
33 6
55 957
16 656
29 897
78 923
63 79
89 127
25 908
89 253
57 34
65 503
100 539
43 151
61 736
66 775
14 783
25 105
38 260
5 168
82 363
1 506
50 172
97 320
83 797
97 404
87 66
60 650
7 357
8 407
76 496
87 715
22 595
74 737
25 45
67 169
46 61
18 757
66 819
36 956
63 226
29 36
87 28
10 76
71 461
8 633
12 956
57 259
19 495
14 949
32 93
72 869
21 896
9 803
87 48
7 232
80 215
28 38
83 570
90 750
88 45
15 768
47 126
71 888
55 484
95 31
43 755
71 512
63 642
97 448
38 896
52 772
72 43
77 348
68 958
59 80
64 692
65 650
81 387
89 722
21 303
66 483
9 825
97 799
84 740
71 125
75 829
11 382
61 478
54 315
13 174
50 631
86 521
87 804
100 104
7 549
38 780
39 785
35 55
19 133
95 687
958
f59-hd-kp-80-144
51 121
58 102
68 63
81 28
38 10
76 69
6 22
35 117
4 34
27 143
17 72
86 144
54 75
10 17
32 23
98 108
24 68
30 97
9 39
80 9
56 91
65 38
58 66
66 132
44 94
82 104
94 126
6 23
40 142
53 77
80 139
86 76
33 46
37 106
27 80
99 33
46 17
63 107
5 131
54 81
95 109
69 68
96 29
57 52
87 84
63 41
17 142
49 41
74 34
18 86
37 69
73 9
66 19
60 108
3 130
82 79
5 94
72 137
64 22
68 3
39 105
30 129
19 126
28 123
68 67
97 79
40 42
3 56
12 121
58 110
13 130
6 141
93 30
46 68
66 116
100 43
11 33
54 42
86 133
58 110
144
f60-hd-kp-72-615
57 329
92 87
6 111
94 232
42 93
58 245
3 11
86 179
41 197
42 390
16 330
45 169
7 425
32 404
9 499
93 4
44 532
60 550
5 430
43 11
62 602
44 508
85 165
60 602
94 235
28 84
15 499
1 500
6 543
43 152
14 550
36 553
9 178
86 378
31 23
32 558
14 220
78 310
1 403
74 563
22 395
82 408
20 551
63 146
22 427
59 144
19 595
76 211
84 426
38 324
47 575
67 171
95 473
29 379
40 597
37 281
82 27
83 413
56 112
16 492
55 244
17 391
39 88
14 520
40 419
10 5
25 578
55 124
19 547
35 502
19 450
98 78
615
f61-hd-kp-191-942
100 914
16 260
98 583
72 303
75 585
19 230
40 773
21 271
32 712
61 611
91 204
52 15
40 23
11 892
56 56
47 190
99 202
1 122
45 806
98 558
22 187
21 745
88 354
70 679
56 760
83 440
27 603
26 835
91 66
1 845
33 667
85 860
43 516
4 701
43 319
23 565
5 682
95 662
42 894
90 317
45 707
67 941
99 423
90 208
98 67
91 199
80 604
30 380
46 71
75 28
70 883
40 905
5 260
9 395
65 398
64 909
10 426
71 287
32 936
28 758
65 137
54 232
14 593
80 742
90 202
17 97
93 724
29 309
98 654
24 463
39 172
89 537
23 216
4 734
1 557
26 727
10 368
43 291
49 721
57 268
17 194
18 170
91 742
24 903
45 318
60 135
24 269
84 702
7 436
94 855
44 733
82 16
33 220
39 262
13 739
11 776
74 121
53 217
94 23
27 44
33 34
83 509
49 46
36 274
56 693
43 332
32 97
17 486
13 855
59 474
43 93
85 481
8 598
23 159
45 691
42 483
46 252
73 493
48 318
80 644
54 935
43 687
66 172
77 885
42 830
43 213
59 540
7 695
17 559
2 891
88 158
83 556
32 792
43 810
27 607
42 196
16 382
18 814
42 247
66 756
30 922
44 303
36 401
11 780
97 276
3 438
34 436
16 716
71 58
62 630
33 113
53 169
9 2
27 450
92 724
96 535
28 90
78 562
80 209
80 398
96 320
30 673
67 780
18 662
2 387
18 772
51 918
11 361
82 494
83 287
26 86
81 808
45 700
23 78
91 315
69 187
63 525
40 177
47 497
11 775
84 248
25 306
52 201
90 46
18 310
52 769
14 811
13 247
46 78
76 473
47 505
942
f62-hd-kp-68-797
1 266
72 302
51 479
62 615
15 723
87 201
4 52
46 109
1 200
18 745
31 404
91 528
70 547
32 76
6 143
70 487
25 734
76 189
75 394
44 238
36 665
74 252
89 514
54 483
32 282
66 41
9 794
92 8
91 604
81 358
79 784
58 290
20 85
19 442
26 537
65 30
37 567
9 210
88 482
48 279
89 9
41 121
31 349
37 148
33 595
2 185
26 143
21 289
4 779
15 209
66 556
19 324
7 262
70 469
68 473
21 182
93 405
87 745
97 357
50 620
43 127
68 241
66 666
46 128
31 407
9 224
40 80
43 381
797
f63-hd-kp-166-501
1 400
51 466
4 93
17 261
34 166
38 231
27 327
53 151
78 119
50 350
74 294
4 315
11 359
74 374
13 347
15 12
47 233
55 288
55 38
95 492
11 493
60 470
14 341
6 293
25 319
74 88
17 217
6 127
42 336
91 10
20 354
89 113
14 490
9 227
92 441
84 327
49 130
62 382
35 158
76 402
62 344
4 3
100 63
8 214
36 207
81 181
2 101
53 373
21 254
82 441
31 96
59 60
7 430
55 421
70 112
51 364
7 436
93 65
48 6
85 109
52 156
27 413
27 253
20 395
11 463
83 299
40 481
27 39
33 26
32 493
24 115
100 477
46 141
56 332
68 35
62 17
46 485
73 215
29 81
24 172
65 365
83 390
92 42
80 412
67 84
96 245
2 306
62 94
16 397
56 54
93 354
51 323
80 283
70 398
98 182
20 107
100 366
11 116
79 105
78 406
87 141
62 272
28 109
26 306
100 433
71 36
49 327
70 261
34 89
81 8
55 140
64 148
68 468
64 334
46 207
8 240
17 423
59 73
75 62
74 456
31 257
86 224
45 325
36 163
29 407
41 366
5 228
64 108
61 339
75 185
87 298
86 91
10 127
20 426
14 266
30 402
33 230
61 258
12 77
95 186
11 405
44 243
95 221
86 295
40 67
44 60
9 418
84 75
10 412
79 316
96 22
56 108
14 458
8 396
28 217
17 50
100 71
66 394
55 314
2 190
33 251
76 114
64 382
31 75
9 412
65 135
501
f64-hd-kp-141-172
4 93
25 145
57 106
21 31
74 149
79 131
5 15
8 51
73 67
71 93
36 143
49 5
39 16
85 84
49 149
81 167
72 58
63 107
95 87
14 84
51 18
65 66
82 99
15 143
25 145
82 124
7 96
72 105
34 60
51 169
26 93
74 139
63 142
59 144
100 46
84 85
27 9
63 8
100 150
81 63
27 43
100 36
68 140
13 120
21 48
91 109
34 24
49 75
48 93
15 11
82 42
98 123
83 13
70 15
61 119
92 54
2 148
14 135
42 109
40 12
64 117
84 3
38 22
68 163
4 135
48 4
96 65
89 19
2 126
57 21
18 164
16 32
30 164
87 67
45 13
85 85
91 28
83 147
82 89
92 61
61 75
99 79
82 12
20 52
80 154
65 84
85 38
51 148
84 107
41 53
49 131
42 75
4 17
74 116
82 58
66 150
72 129
62 83
85 15
100 2
15 127
27 170
4 96
42 13
19 122
61 9
96 167
70 44
10 56
7 10
58 110
39 12
78 20
39 87
27 70
91 168
48 72
25 33
54 141
32 138
89 107
78 113
58 141
23 73
69 10
96 93
55 160
15 57
54 169
10 155
67 6
56 122
34 73
54 118
53 111
87 132
64 39
98 57
60 16
91 90
39 87
172
f65-hd-kp-171-600
79 277
48 202
67 381
78 362
12 232
62 286
49 368
73 137
45 399
74 105
97 107
65 480
65 453
43 480
34 430
91 223
81 490
31 27
4 430
69 280
89 319
46 456
38 281
22 600
9 101
84 479
9 228
94 351
48 342
56 553
86 168
21 521
89 527
63 85
63 563
97 178
11 283
92 144
43 245
23 549
13 238
99 384
33 509
37 371
84 11
89 220
28 478
54 304
77 388
79 227
20 374
57 257
46 222
85 112
47 537
88 271
39 171
19 436
22 454
79 229
76 252
46 522
6 384
50 414
54 240
36 438
55 360
54 396
82 340
74 364
70 40
41 41
9 596
98 398
20 468
20 512
1 246
70 545
41 408
67 230
42 4
28 54
92 281
19 343
47 593
59 80
75 493
31 515
86 316
93 164
20 593
70 596
14 453
76 124
59 31
9 432
80 137
95 430
64 284
59 273
81 459
26 226
57 109
78 550
88 338
40 25
56 192
21 323
88 2
33 537
2 73
67 194
11 404
37 381
76 222
3 47
46 497
26 477
56 368
72 311
61 586
86 28
73 477
41 573
78 104
38 146
4 599
25 189
80 437
95 500
94 298
81 428
30 257
78 342
30 37
36 546
7 177
57 251
17 68
44 109
12 597
16 282
76 32
68 284
19 4
36 160
49 111
21 208
55 97
96 585
19 183
59 259
95 563
36 239
44 594
54 112
63 249
9 218
8 523
38 63
13 320
37 22
91 267
57 388
15 3
6 435
19 279
28 538
87 447
84 438
87 400
600
f66-hd-kp-165-73
7 44
2 55
33 28
25 42
1 3
45 26
48 3
26 57
88 42
9 61
21 55
94 47
20 25
51 19
29 22
34 66
55 3
64 28
90 26
78 73
27 21
82 48
72 70
51 33
55 17
10 1
28 3
21 40
29 39
73 68
37 21
50 17
82 32
79 36
8 43
21 48
30 34
14 30
67 25
20 58
57 26
35 14
32 57
71 54
37 22
36 69
96 66
76 35
18 62
37 65
32 49
31 42
46 53
70 58
65 1
58 21
19 67
5 64
62 26
34 6
77 13
60 59
87 17
89 20
49 8
90 65
28 60
98 35
32 43
57 49
54 32
55 62
3 10
40 7
38 5
66 25
73 16
60 24
29 51
37 71
17 8
87 22
48 33
52 3
4 39
38 19
29 60
11 63
18 45
77 66
33 47
76 49
70 38
78 10
33 39
53 26
29 68
74 49
1 65
15 70
17 3
77 8
63 33
30 55
84 65
52 56
87 20
97 55
29 58
45 32
84 50
38 62
48 69
85 11
34 30
40 64
84 38
8 19
11 33
43 54
35 57
39 32
77 4
96 32
67 69
4 46
72 37
88 51
81 42
11 12
100 2
21 18
48 38
19 61
10 50
63 16
67 14
36 1
72 41
23 50
91 68
82 56
26 38
63 53
83 8
86 22
42 34
2 2
66 73
71 11
81 33
13 28
62 39
29 4
90 49
65 37
78 29
43 30
20 29
5 58
4 8
18 18
3 40
95 69
88 29
73
f67-hd-kp-163-818
85 597
43 658
87 719
68 204
63 304
63 636
35 111
69 46
16 366
33 519
66 6
21 310
72 165
91 202
4 650
79 117
95 581
78 354
43 784
21 28
88 500
39 434
85 146
5 484
77 264
76 306
4 734
11 629
55 54
17 443
17 680
54 212
76 309
27 494
10 790
85 762
43 743
100 282
37 782
9 388
89 75
99 157
57 74
55 10
3 325
5 155
69 172
19 385
88 405
21 131
95 123
2 300
14 645
66 102
97 333
92 683
99 100
11 587
50 654
4 31
93 114
64 172
35 407
58 490
81 62
73 335
48 468
72 751
52 435
5 562
14 590
52 592
39 449
95 688
66 210
67 567
28 181
23 570
18 141
13 624
83 41
87 350
61 432
52 580
43 546
9 696
69 122
35 165
40 297
92 467
60 610
2 100
26 139
81 280
40 724
12 696
92 787
11 573
87 516
55 696
5 682
47 366
85 284
95 161
57 428
71 108
24 671
65 346
95 483
59 268
89 99
27 110
63 558
36 37
73 284
56 452
97 254
56 351
55 234
60 406
17 410
91 345
86 133
60 297
68 817
68 5
22 592
73 731
29 365
38 257
74 231
46 211
89 295
91 259
100 553
93 82
87 168
43 710
59 459
62 41
58 203
11 275
8 483
18 512
46 551
2 372
44 231
24 455
40 314
76 430
53 625
32 804
8 642
71 334
36 610
78 390
50 347
69 558
30 749
83 375
41 348
10 488
78 798
818
f68-hd-kp-15-899
72 752
34 614
88 254
15 367
5 698
26 451
14 54
37 300
83 179
91 133
53 329
95 222
14 187
83 624
38 555
899
f69-hd-kp-63-968
52 3
51 3
68 812
90 597
31 800
80 695
37 324
41 388
16 128
77 775
38 524
14 81
85 606
49 844
11 363
66 831
78 213
76 657
41 127
85 654
29 145
78 915
24 349
38 100
85 140
76 108
99 835
6 426
83 4
64 694
94 164
89 43
48 321
100 836
31 460
42 35
96 259
15 669
42 820
80 739
15 217
32 622
77 844
59 483
10 209
45 418
11 897
14 395
34 626
68 513
91 835
40 302
4 723
47 731
1 938
15 807
52 393
83 677
83 408
44 144
34 143
56 615
3 503
968
f70-hd-kp-108-671
99 239
71 328
23 641
65 495
9 217
44 207
99 201
43 112
42 222
83 75
7 624
11 12
14 400
96 614
64 459
8 2
9 462
77 307
41 351
77 370
75 205
97 392
9 302
13 262
21 510
6 570
42 600
35 334
95 586
72 302
99 580
41 347
85 605
15 421
24 382
22 552
27 408
56 398
51 385
26 291
48 670
83 373
17 252
25 258
95 338
36 662
42 504
90 294
83 129
89 371
55 89
39 11
28 261
12 571
14 406
89 213
97 37
49 325
99 320
34 490
61 179
80 344
22 504
37 588
51 505
52 107
36 479
62 141
88 58
39 297
8 285
8 176
36 112
81 24
6 258
74 425
80 204
17 481
4 373
60 318
17 632
68 135
68 256
56 536
11 562
90 397
40 11
25 458
49 423
55 109
78 260
46 383
24 548
21 540
72 461
96 572
90 252
77 615
34 4
13 624
75 654
61 488
48 411
75 616
30 115
3 144
38 324
78 48
671
f71-hd-kp-117-674
8 604
85 116
41 2
91 70
5 557
66 199
89 419
25 194
31 291
58 388
72 365
68 346
6 568
28 448
38 574
58 28
59 472
1 173
14 13
12 290
54 225
53 260
41 634
41 671
42 562
43 243
21 100
35 134
16 37
87 453
22 97
2 653
83 397
89 298
96 600
55 142
62 107
14 103
62 216
47 330
31 398
39 146
10 232
41 276
42 131
34 39
5 574
24 175
31 122
31 635
50 218
58 597
10 237
44 28
97 296
12 662
6 384
11 242
88 270
43 499
58 4
37 614
22 630
94 565
70 493
47 352
12 504
39 364
17 128
77 508
18 94
38 17
3 412
38 464
22 377
46 38
30 218
65 447
3 634
79 507
40 555
30 89
67 639
49 442
81 332
40 488
65 553
58 508
38 523
36 237
24 396
59 37
16 136
60 300
26 157
8 667
41 353
31 374
1 259
56 365
97 668
82 349
95 639
18 666
92 369
46 602
17 115
98 449
58 142
20 272
39 228
69 171
21 404
35 475
99 433
3 591
40 170
674
f72-hd-kp-84-706
99 421
26 11
76 10
28 407
56 396
90 502
89 645
39 605
99 552
18 528
7 538
93 146
74 651
72 65
99 105
89 460
6 656
60 206
91 327
47 166
63 296
53 335
4 682
4 84
23 341
3 58
50 371
57 175
27 588
62 659
78 671
96 127
92 132
73 266
76 606
3 134
15 463
65 365
43 499
10 516
61 367
20 383
47 301
47 92
80 628
55 288
36 21
32 324
24 550
90 575
78 272
63 274
37 104
69 64
5 603
67 345
68 438
1 315
60 187
63 66
28 317
17 429
96 179
89 126
41 613
76 271
51 564
14 326
35 351
91 497
64 548
72 440
70 585
7 387
22 375
35 589
64 65
25 227
32 98
14 266
77 190
86 694
59 496
100 655
706
f73-hd-kp-182-639
32 439
77 419
6 305
54 473
28 634
33 476
23 147
84 591
56 223
72 487
20 617
26 240
19 18
88 478
34 433
10 289
93 575
52 89
72 160
100 589
100 125
42 547
100 76
44 331
55 547
73 274
62 102
86 277
93 111
18 597
2 582
46 311
35 530
82 236
10 339
2 77
17 639
87 514
3 108
23 103
62 5
76 382
84 615
30 3
83 109
49 369
68 552
72 158
87 211
68 519
69 551
31 27
53 443
89 201
97 224
90 40
55 56
89 624
69 79
52 199
4 608
25 333
30 96
52 556
15 483
6 79
16 521
2 548
15 389
51 75
72 236
82 558
6 141
15 294
33 180
65 377
70 381
73 301
43 474
53 99
18 258
17 491
59 489
76 411
60 159
34 178
55 531
87 523
98 34
46 183
71 301
4 360
78 604
46 113
62 453
19 58
100 547
91 275
48 92
36 283
34 412
45 254
19 434
17 436
98 406
77 106
67 279
26 315
8 362
48 484
57 92
93 334
38 595
74 467
45 9
13 61
18 501
42 632
4 442
72 498
90 471
22 507
96 420
60 347
94 494
12 515
18 135
93 163
88 185
36 585
15 202
58 62
66 475
76 25
21 548
31 54
9 484
27 403
7 78
71 628
86 202
38 232
44 467
20 341
8 329
21 112
18 112
42 61
74 476
99 479
88 324
66 26
55 254
90 446
35 545
97 233
26 238
14 142
3 23
41 583
9 532
90 24
88 376
49 50
22 151
78 219
48 470
63 454
75 626
93 203
5 79
17 400
46 244
58 532
16 195
24 238
53 17
100 506
82 623
80 259
100 434
47 92
639
f74-hd-kp-200-408
91 191
97 169
87 14
80 166
87 102
67 96
100 149
95 380
68 298
7 381
78 370
97 174
26 173
44 209
14 187
72 191
48 26
47 47
75 391
46 196
98 103
97 63
100 352
83 185
61 215
84 319
96 288
50 173
95 227
5 187
17 328
86 318
84 326
30 317
43 208
89 195
39 179
10 302
95 275
1 168
99 384
12 125
81 93
30 203
43 213
29 198
5 106
99 76
27 341
30 366
81 211
44 28
67 254
12 275
56 222
99 275
5 47
92 90
5 266
68 159
70 392
4 251
41 117
20 128
66 28
57 195
28 267
12 41
33 93
45 368
48 33
25 324
44 395
66 205
58 133
1 59
15 6
1 163
84 134
33 126
67 34
72 210
50 172
97 200
44 131
27 3
2 68
55 331
61 331
6 207
20 3
68 331
32 20
77 285
66 42
39 95
89 161
5 196
37 92
75 226
3 129
4 376
52 105
69 150
15 238
82 292
38 186
28 370
82 144
52 170
81 335
10 347
97 90
48 78
100 15
3 16
32 64
51 224
59 14
49 2
39 219
50 87
3 200
29 210
43 230
42 216
83 371
67 106
92 336
97 331
62 282
25 175
93 66
93 134
26 87
8 276
25 316
14 198
11 137
17 369
5 276
80 339
74 288
72 203
52 256
29 290
32 38
58 367
70 185
69 125
48 339
32 291
36 291
85 106
11 70
55 367
16 349
60 24
45 154
79 24
20 134
68 393
96 330
7 262
89 395
49 272
95 279
92 378
18 143
14 259
51 112
70 330
36 351
47 199
24 281
35 30
85 149
55 197
88 368
23 386
94 75
5 32
79 187
82 149
47 64
20 300
26 345
58 12
33 175
3 261
88 81
75 98
94 76
54 254
6 200
82 85
3 323
91 94
45 353
6 95
408
f75-hd-kp-81-429
12 322
81 79
44 397
9 115
24 170
91 147
46 54
63 4
37 225
11 400
27 369
1 392
4 109
99 73
94 160
28 167
23 316
1 325
32 397
29 99
9 164
89 381
16 166
65 298
39 188
39 203
2 132
76 227
37 182
48 384
30 297
77 129
36 323
73 158
3 144
4 96
24 37
30 210
69 320
24 193
69 180
1 202
71 159
95 311
8 172
19 160
48 55
68 404
35 140
64 195
36 269
33 52
25 298
44 321
90 403
37 244
52 152
56 426
99 346
61 302
48 58
2 222
52 45
90 193
83 302
50 3
89 382
69 242
62 157
10 399
38 388
56 179
15 215
73 15
21 172
28 41
35 233
59 113
82 320
99 67
62 412
429
f76-hd-kp-43-334
26 163
38 243
53 249
33 62
72 166
75 77
92 220
1 156
60 4
87 193
79 277
77 111
11 161
18 81
87 9
28 319
75 322
73 12
97 5
25 284
79 35
48 281
8 276
33 217
55 47
27 204
82 150
53 295
50 18
7 169
8 113
38 261
20 44
2 2
74 88
74 66
7 192
57 65
89 65
47 149
52 218
99 145
98 210
334
f77-hd-kp-55-258
84 191
69 101
75 60
18 177
29 250
3 157
72 240
77 227
85 56
70 227
50 54
100 162
96 91
75 3
99 33
26 58
30 42
27 238
48 246
33 111
26 160
72 154
79 99
55 219
10 224
49 221
71 214
47 20
92 131
45 194
37 206
50 83
46 246
21 216
75 92
31 185
2 203
1 10
12 234
81 200
82 105
8 236
99 4
47 183
83 111
10 201
89 70
32 240
30 32
19 42
28 55
59 99
26 138
97 52
10 147
258
f78-hd-kp-62-542
37 423
29 345
78 509
85 402
88 410
86 60
86 242
7 120
17 296
66 525
96 126
36 150
79 6
44 392
18 470
14 44
31 201
86 76
16 68
15 296
95 474
38 269
21 227
68 335
66 293
32 127
67 343
97 350
78 449
59 13
21 339
55 17
29 38
100 438
82 97
80 78
54 59
30 315
75 81
25 416
95 36
95 120
29 212
85 138
48 383
9 319
16 276
59 500
10 10
58 221
86 447
66 50
15 29
76 184
77 30
13 15
84 257
99 257
31 524
42 224
63 361
75 290
542
f79-hd-kp-136-185
34 27
29 8
91 9
1 137
98 46
12 71
69 110
88 173
44 171
69 131
44 96
27 120
14 63
9 113
31 103
14 94
55 148
88 61
99 32
90 102
16 100
93 106
14 131
92 38
11 83
53 149
3 174
54 43
47 34
19 72
38 122
73 159
13 153
81 61
36 14
66 101
66 115
89 101
68 98
3 46
10 167
13 92
78 114
7 89
84 1
98 129
74 152
50 154
23 66
74 166
34 106
44 141
52 14
10 33
41 85
8 4
58 64
82 179
42 121
59 127
10 16
37 180
26 160
73 149
34 58
13 183
26 175
83 185
12 113
20 166
91 137
76 33
52 105
66 164
99 52
47 100
94 144
83 93
52 162
54 50
37 68
78 38
11 113
93 104
59 104
29 67
37 127
10 4
73 44
48 143
48 105
11 95
90 55
67 72
24 52
62 4
42 58
68 96
66 24
51 135
60 157
65 14
7 4
48 104
69 33
6 10
59 30
57 174
40 77
13 158
47 4
50 171
82 51
72 35
47 35
44 106
36 3
61 114
36 45
40 71
43 35
73 174
75 86
46 71
19 5
85 91
52 157
52 179
49 132
21 52
17 50
13 95
71 22
63 153
48 19
34 24
185
f80-hd-kp-163-209
99 45
23 34
68 27
99 55
40 131
37 131
35 169
30 37
7 193
10 167
91 70
69 171
8 32
82 200
68 31
11 98
40 122
29 119
90 133
23 118
83 113
59 75
39 112
94 53
62 42
22 17
55 12
79 103
23 155
30 72
93 181
63 37
59 89
51 190
74 36
11 144
100 1
41 78
36 70
95 135
1 105
10 46
68 144
78 118
47 204
84 104
12 20
21 159
11 44
20 197
24 202
83 73
33 54
29 59
36 120
11 44
78 187
10 173
72 29
86 147
71 49
75 65
63 8
3 15
76 159
80 194
68 109
65 44
14 88
25 177
12 195
86 176
61 137
57 199
35 192
18 54
14 92
73 55
6 197
41 131
29 156
43 150
81 96
87 110
43 188
100 123
68 15
41 37
82 55
30 128
85 193
19 180
35 43
65 182
77 170
80 150
52 22
87 57
38 88
71 202
19 16
10 202
90 196
22 152
56 128
80 164
37 100
76 154
5 208
28 119
56 181
54 165
16 135
23 146
58 192
62 105
65 36
59 101
100 80
38 59
20 134
80 166
22 90
44 200
16 192
59 6
39 108
44 37
89 126
35 119
56 78
89 171
35 37
80 155
22 10
13 50
47 171
65 172
57 207
32 166
18 105
72 43
39 91
84 127
83 184
15 33
86 140
18 18
19 202
58 161
60 168
33 88
76 9
39 74
10 171
42 81
80 202
50 97
90 133
85 83
93 44
41 75
28 179
209
f81-hd-kp-191-797
84 333
3 15
4 367
98 446
39 96
11 8
23 206
19 554
45 292
2 503
88 173
21 397
46 475
36 20
52 398
20 108
34 396
94 141
29 464
44 455
90 58
17 175
89 457
26 414
47 177
48 493
72 750
54 128
27 730
26 340
72 33
78 762
7 188
63 487
49 750
92 261
33 179
62 106
17 181
50 766
94 434
51 50
64 48
66 590
39 735
67 163
80 790
54 73
74 500
75 565
95 241
49 359
17 289
23 102
72 680
53 378
2 576
42 261
31 246
63 163
98 318
68 251
78 235
17 742
84 681
15 273
57 299
14 177
76 454
16 208
24 144
80 778
92 409
5 373
30 137
63 400
38 674
87 201
48 48
47 777
5 269
29 333
39 298
74 240
39 643
32 293
76 168
26 653
48 265
8 762
23 233
72 432
34 339
50 106
38 450
71 496
31 230
19 408
39 588
17 454
52 227
88 422
97 372
90 68
81 337
12 502
75 143
17 111
48 395
94 311
23 275
41 369
30 598
88 343
52 668
17 306
94 687
66 375
45 200
68 114
34 268
51 6
46 760
65 88
17 631
61 412
26 700
75 554
45 688
20 145
46 167
31 767
28 502
85 471
34 168
93 792
23 167
22 624
85 61
76 618
53 712
42 607
95 397
74 705
21 369
23 524
70 455
19 551
98 789
59 334
88 351
17 536
44 362
85 429
96 211
21 631
41 457
19 248
59 119
72 687
29 31
85 519
42 381
5 485
65 773
1 73
19 107
11 605
26 302
71 413
95 776
28 325
75 274
85 345
86 46
20 498
88 16
55 671
100 425
48 237
63 433
69 437
54 553
100 278
74 365
8 317
12 194
49 312
35 482
49 509
69 486
797
f82-hd-kp-151-301
50 300
31 6
53 256
26 301
98 35
45 126
47 216
22 232
93 159
71 147
92 92
2 33
37 242
49 300
20 213
39 57
21 130
85 69
1 214
95 150
97 269
97 212
34 115
94 2
53 247
68 264
84 161
14 192
92 32
87 252
77 297
35 282
25 146
43 96
73 1
46 133
28 137
35 37
3 274
43 134
32 266
14 258
17 254
91 284
52 106
45 194
11 297
17 283
75 14
91 140
76 251
84 123
6 101
97 79
93 267
41 92
26 120
65 45
99 180
83 276
92 6
78 54
54 189
27 127
4 291
44 243
65 149
98 104
78 17
11 194
27 94
52 54
8 163
39 111
43 30
30 25
55 233
93 179
63 81
49 188
82 227
16 18
12 38
77 113
72 105
49 14
78 232
69 83
59 5
12 277
99 49
87 111
90 38
19 80
73 247
43 233
93 123
75 230
20 23
66 236
27 281
66 297
37 110
26 107
43 42
48 254
37 35
100 151
60 219
45 147
67 95
2 161
6 122
79 161
92 68
77 152
66 25
14 297
50 216
23 108
68 233
21 99
70 170
48 36
64 153
85 42
55 174
69 246
16 59
47 76
98 230
13 5
15 297
25 22
83 133
38 208
47 169
50 188
86 65
44 69
10 149
62 71
22 95
16 117
92 72
93 118
97 277
42 81
11 221
54 201
80 266
301
f83-hd-kp-64-226
84 64
8 217
22 153
52 65
88 92
11 43
98 197
28 186
51 210
86 165
27 7
31 106
61 127
52 108
19 212
8 100
36 199
63 200
49 207
25 38
87 81
76 154
23 201
7 145
45 83
73 13
49 99
32 213
84 5
69 168
39 192
40 161
50 142
71 49
99 127
91 97
82 106
70 55
46 3
43 224
96 158
96 73
38 146
68 150
23 180
54 205
16 163
4 150
28 69
33 9
93 181
30 199
1 94
4 163
71 26
36 93
3 108
17 84
68 83
17 141
15 43
24 129
17 144
49 168
226
f84-hd-kp-67-305
55 23
80 241
57 274
93 224
81 182
43 225
91 118
8 271
53 186
77 6
16 255
75 32
48 83
62 32
30 141
44 167
41 261
86 254
16 207
57 138
89 158
83 117
33 94
92 5
54 222
20 89
93 217
46 115
24 8
18 118
46 292
51 111
21 49
26 248
46 229
31 165
20 213
52 242
21 25
98 109
57 224
75 234
52 254
15 162
89 114
32 299
53 73
82 268
58 28
30 136
53 6
60 74
72 60
77 57
25 24
63 233
69 197
41 153
14 207
92 217
71 131
65 51
10 47
61 173
31 19
14 148
41 246
305
f85-hd-kp-174-195
11 155
99 190
31 142
48 185
5 186
13 173
80 187
17 194
66 54
83 25
68 62
18 66
18 194
47 102
65 185
12 90
78 112
69 111
1 124
80 133
5 158
23 56
8 154
81 31
1 121
78 68
47 181
92 89
32 132
9 4
10 62
47 134
6 187
91 59
51 147
76 122
33 129
43 162
90 82
42 151
78 11
34 168
67 133
25 169
69 49
79 42
34 137
65 120
5 101
10 183
84 141
91 151
45 158
60 8
73 114
89 167
30 94
11 54
26 81
44 94
92 171
61 161
50 98
31 13
25 125
22 159
52 168
92 17
24 154
53 174
9 73
63 146
74 155
68 172
81 144
98 52
77 161
7 177
82 43
55 157
70 125
56 55
18 169
45 79
23 46
96 85
65 168
56 88
76 133
31 180
79 117
56 171
85 46
69 143
51 16
39 67
99 125
4 177
90 141
3 167
53 150
20 22
27 149
57 177
85 31
54 1
40 173
95 132
85 93
32 189
71 115
17 76
38 119
18 105
22 24
58 120
89 111
55 81
54 91
3 99
24 174
67 37
86 88
70 172
43 34
40 86
45 86
2 83
77 58
79 15
20 81
93 21
35 15
49 89
42 172
25 144
43 63
5 81
46 21
73 86
10 126
28 155
94 148
81 16
48 171
33 157
31 142
63 130
53 13
60 70
23 120
77 108
32 181
42 173
86 141
48 30
6 160
29 43
51 81
96 75
41 141
96 59
63 102
6 174
35 8
99 176
16 119
1 103
11 10
58 70
76 76
71 103
96 112
25 147
195
f86-hd-kp-65-798
77 369
20 570
17 616
35 230
16 617
26 344
9 546
22 266
26 287
81 442
72 667
51 779
98 619
69 511
11 493
21 690
62 42
95 676
31 712
39 237
1 213
63 154
53 699
93 517
47 155
88 753
4 75
86 89
76 14
15 338
1 703
58 547
36 373
37 753
63 701
36 119
11 506
35 502
21 684
77 21
68 94
60 162
82 136
49 690
60 263
54 302
49 439
11 289
97 600
34 441
14 143
64 226
89 485
90 268
32 47
36 428
74 99
13 228
94 493
29 45
24 220
74 612
96 758
77 75
58 236
798
f87-hd-kp-184-272
82 43
73 182
81 6
36 92
38 27
9 73
15 207
99 25
51 187
98 30
30 190
35 224
62 24
24 102
19 18
87 185
11 62
86 36
43 155
95 160
91 114
45 180
64 83
45 110
14 119
77 177
38 59
90 24
22 214
70 264
2 232
2 53
44 183
43 193
10 142
11 155
20 186
42 135
21 159
94 167
58 195
89 256
24 223
70 73
48 103
37 261
31 250
7 97
65 173
7 106
87 115
29 15
33 161
100 111
3 107
87 3
85 160
65 5
73 260
7 122
86 162
90 65
92 14
79 265
37 95
86 24
3 218
26 206
19 51
53 82
61 146
40 2
97 211
64 196
48 15
76 108
84 12
87 129
32 71
86 117
76 127
30 82
47 256
97 60
29 3
28 148
44 132
42 4
13 210
62 168
46 261
23 85
32 126
58 236
34 166
94 261
51 179
48 158
70 105
46 68
26 162
11 212
72 267
40 226
70 51
39 46
79 182
41 237
14 188
22 144
1 223
18 133
19 134
29 185
51 271
46 183
62 171
83 120
84 50
93 140
34 162
75 114
49 14
58 125
42 264
60 147
5 167
34 126
86 13
29 222
13 101
5 95
72 104
93 262
19 126
73 269
44 153
84 270
76 258
65 132
13 163
16 260
44 175
8 11
23 121
51 130
96 75
11 228
80 197
97 117
71 195
93 12
91 93
26 206
75 122
57 82
59 112
57 254
2 71
9 110
43 236
77 106
12 38
95 72
12 62
97 162
84 35
74 75
13 144
71 15
70 87
16 246
82 124
42 248
4 138
23 141
90 189
43 67
16 143
66 176
8 191
95 61
72 106
16 266
272
f88-hd-kp-134-51
95 3
2 7
20 2
5 38
22 44
6 10
45 25
42 33
31 41
88 39
98 42
70 15
42 27
70 24
30 49
65 12
86 18
47 25
25 47
76 30
32 9
1 36
67 23
84 2
56 46
9 48
49 1
79 42
25 23
18 29
57 21
47 22
62 25
62 30
88 28
18 32
13 43
15 21
30 35
75 50
78 40
23 4
63 7
60 9
5 50
17 24
89 50
52 48
77 39
82 35
77 26
48 45
57 3
13 27
37 40
69 47
31 30
21 46
99 48
55 46
37 40
21 4
14 23
41 35
8 51
27 12
51 30
61 46
87 16
2 21
62 28
24 25
30 38
93 34
12 2
2 35
62 2
93 26
17 20
81 5
18 10
52 41
76 13
64 26
67 21
27 26
1 17
56 19
38 29
59 39
89 3
76 31
5 21
46 33
28 30
25 25
45 14
48 2
2 9
47 7
33 16
27 40
72 22
85 44
32 5
50 18
84 18
90 8
34 8
44 40
88 6
60 6
20 2
68 5
25 27
16 32
55 44
29 23
23 14
95 24
18 17
82 16
65 49
37 23
30 33
3 48
27 12
34 46
3 51
23 22
91 11
91 3
52 30
49 4
51
f89-hd-kp-20-104
20 102
5 80
20 43
46 5
72 17
84 61
57 10
76 92
83 67
25 43
35 5
79 103
49 37
93 61
95 34
53 58
72 84
85 49
77 7
100 79
104
f90-hd-kp-189-508
81 128
70 94
38 47
63 402
30 508
89 179
9 187
36 456
31 465
99 491
66 365
96 320
57 225
82 150
41 130
77 52
46 201
70 79
14 456
6 463
57 333
41 161
66 260
84 204
60 21
43 296
5 146
79 498
49 48
71 59
36 214
25 91
33 394
69 61
41 489
8 495
39 8
83 177
69 340
74 176
41 311
80 471
70 68
60 317
73 31
37 20
91 80
18 387
25 288
9 171
54 398
18 208
64 102
93 152
37 430
92 117
11 446
21 65
58 247
93 143
24 280
72 271
10 359
17 423
69 394
97 384
64 232
46 357
83 188
62 325
25 285
63 496
85 91
88 468
62 257
66 101
1 373
25 290
55 420
41 159
83 480
90 305
17 173
25 449
89 427
77 75
75 161
94 210
97 310
49 301
51 466
1 456
58 305
25 331
6 227
64 344
67 125
22 497
24 423
35 271
11 103
73 168
56 124
97 480
51 386
30 317
76 130
51 318
18 351
4 73
97 67
23 444
98 446
39 3
31 39
4 194
7 227
5 285
10 367
83 466
78 338
8 140
74 493
13 420
46 383
19 374
46 146
65 353
15 305
50 233
89 479
48 115
32 144
92 112
85 304
52 176
33 459
31 44
53 213
20 255
98 154
76 273
61 227
87 18
24 18
68 63
68 58
71 176
10 381
27 142
89 418
50 323
30 98
70 323
80 498
94 214
100 218
96 57
82 110
36 506
23 128
82 123
100 382
92 202
39 221
77 399
97 155
83 89
65 113
47 383
66 501
76 411
45 310
4 94
75 240
25 401
55 326
69 144
2 59
51 381
89 381
91 452
33 388
52 400
26 129
61 124
7 359
23 422
46 439
508
f91-hd-kp-154-681
83 105
50 93
33 42
42 498
72 112
53 574
79 57
98 320
75 255
65 92
95 196
57 398
69 358
7 149
28 405
10 559
5 232
69 157
39 605
44 551
79 473
11 182
37 225
63 412
77 438
77 585
21 254
88 383
46 357
26 517
75 298
43 377
8 339
12 133
90 489
32 270
43 200
45 641
11 233
62 569
65 336
79 615
53 402
59 467
7 105
75 409
91 327
95 79
25 439
89 341
10 239
91 309
94 501
19 159
56 648
46 593
86 38
87 268
99 510
9 390
39 481
10 226
77 571
28 324
99 18
4 501
24 120
84 283
77 184
68 456
24 112
92 587
33 563
99 498
98 92
76 232
10 166
48 255
25 650
7 124
4 389
99 119
48 267
83 133
71 319
28 549
77 4
59 543
86 94
26 635
75 313
47 102
37 185
9 124
58 354
66 400
86 229
69 229
95 642
48 425
20 59
21 552
77 421
80 240
84 412
76 118
35 567
11 472
74 360
86 454
2 567
7 461
99 414
65 552
47 106
97 574
77 663
32 227
44 508
71 195
58 616
74 507
55 673
5 377
84 393
34 72
40 225
4 336
48 408
40 328
13 178
36 9
57 182
59 635
100 366
2 463
61 46
33 171
14 605
42 633
52 297
67 82
6 3
84 667
85 331
69 610
6 2
35 490
11 174
50 89
93 620
15 541
42 634
55 520
681
f92-hd-kp-167-185
33 50
22 27
13 181
74 82
61 48
28 42
71 174
45 42
49 116
67 58
34 113
99 126
50 50
69 27
91 26
22 126
44 48
81 59
86 95
32 90
84 123
94 85
13 2
18 153
12 33
84 145
45 73
7 142
1 181
93 23
1 156
30 170
86 145
33 120
39 93
29 155
51 15
36 44
25 81
57 107
86 90
73 128
46 84
74 167
65 150
72 47
5 81
17 166
20 102
68 94
30 176
19 16
89 64
94 121
50 129
41 124
4 105
28 94
48 33
90 156
92 16
82 175
8 162
33 171
64 82
86 4
29 57
14 79
74 19
77 171
8 138
66 181
30 137
3 29
6 101
4 90
66 131
89 21
49 138
8 105
28 31
2 177
42 163
43 157
49 141
14 151
58 183
78 131
2 65
49 40
67 52
60 57
20 5
34 118
28 2
98 91
84 112
33 53
82 36
10 162
49 4
95 132
63 128
61 163
35 148
13 136
7 34
9 120
97 148
59 89
53 66
100 144
18 130
62 26
26 66
50 167
8 68
87 149
48 137
96 160
57 59
38 87
75 153
28 137
41 49
16 123
62 64
62 91
59 52
95 138
69 78
75 97
40 47
53 30
39 23
5 167
15 6
65 181
1 19
59 43
93 84
38 170
41 52
41 55
84 137
98 89
38 12
89 31
95 31
36 65
49 26
7 112
75 22
68 165
41 142
39 162
16 175
18 131
72 7
34 79
20 56
44 183
7 13
52 181
25 143
18 48
36 158
185
f93-hd-kp-39-733
51 570
41 17
9 45
64 113
12 245
44 292
37 570
20 350
92 394
59 473
31 622
73 508
93 53
55 170
61 212
38 231
10 654
58 265
71 611
58 579
59 405
54 467
35 570
80 100
27 418
7 120
62 559
90 419
10 543
30 731
78 38
66 299
82 297
93 144
25 4
9 263
95 638
92 264
76 299
733
f94-hd-kp-46-469
9 395
59 377
62 8
33 115
22 221
77 223
66 98
74 388
26 466
64 293
49 441
59 402
77 144
94 440
60 413
49 206
47 265
74 347
16 450
73 244
7 191
26 356
19 155
96 74
71 95
83 121
99 208
91 376
85 266
64 1
63 50
18 275
61 412
34 165
22 101
62 372
22 41
55 221
66 77
94 287
45 51
97 273
92 418
81 60
89 358
80 10
469
f95-hd-kp-136-747
58 147
76 55
26 159
5 346
1 117
39 437
34 350
30 188
12 645
8 193
63 185
67 414
99 632
88 78
1 689
73 553
22 347
22 558
72 88
78 625
31 631
58 7
13 158
14 273
84 395
61 220
78 76
22 504
48 726
19 62
100 512
41 157
38 60
78 104
31 378
100 114
43 98
90 308
87 528
26 32
51 233
78 132
60 380
24 21
86 648
64 180
10 413
15 659
65 680
21 711
6 297
37 427
86 721
63 654
21 129
31 214
36 601
40 281
96 127
31 229
89 624
7 664
58 673
26 51
16 539
99 284
40 630
69 461
56 350
96 623
9 218
27 23
43 271
80 456
77 307
47 572
4 263
48 102
82 47
73 375
19 96
81 562
18 676
6 530
58 420
85 250
100 417
58 674
90 442
28 134
11 313
7 44
69 564
95 237
12 431
41 216
87 340
40 287
24 478
92 432
7 17
53 378
20 266
53 573
14 367
83 501
79 22
45 683
48 194
78 460
92 142
33 470
68 255
47 215
68 583
9 685
95 369
32 128
79 204
3 100
61 393
75 567
57 269
37 314
39 214
29 550
33 379
75 616
50 521
47 246
43 252
78 81
88 283
73 419
27 655
99 300
747
f96-hd-kp-97-443
34 319
26 71
12 228
51 102
93 319
10 142
53 106
42 335
13 282
31 34
35 136
26 207
2 370
14 5
38 358
90 404
26 260
72 307
55 308
40 235
84 355
88 131
48 367
86 433
67 350
20 110
21 79
41 71
52 355
20 250
67 163
49 173
6 91
82 199
10 252
11 101
29 123
2 262
94 299
13 37
45 367
69 417
80 14
44 24
21 216
14 405
96 117
66 339
26 245
5 228
45 34
52 25
50 443
95 294
16 33
12 439
24 53
66 306
22 131
7 319
30 256
38 425
90 245
93 409
92 38
32 135
5 326
36 373
18 33
24 266
83 299
35 169
28 62
46 54
12 252
2 261
31 286
73 395
78 289
93 43
14 364
29 93
74 338
11 234
77 184
73 166
53 15
18 331
60 28
93 198
28 177
68 263
18 168
100 98
24 64
27 222
67 197
443
f97-hd-kp-74-609
52 489
51 313
89 559
61 233
54 127
67 214
59 471
31 586
21 60
86 326
91 369
2 426
68 285
81 65
86 124
96 114
23 442
13 520
13 26
72 478
61 564
91 297
67 541
23 329
63 64
21 465
50 456
95 107
8 7
100 605
96 489
10 536
15 528
74 190
38 220
38 603
96 386
31 276
33 599
31 552
67 214
28 543
4 128
87 177
100 222
17 266
69 465
47 591
11 81
23 332
20 260
32 490
88 200
32 493
89 451
83 592
65 43
51 321
30 291
36 525
80 309
25 74
38 348
14 369
46 366
14 308
60 351
7 299
84 336
65 194
52 143
20 175
69 172
78 193
609
f98-hd-kp-21-562
18 234
77 215
76 479
63 361
45 483
47 303
22 156
79 385
47 55
5 267
42 344
21 305
7 540
84 21
85 253
28 526
92 420
81 298
39 215
35 75
58 101
562
f99-hd-kp-136-285
52 197
53 147
27 198
74 52
46 103
35 82
47 266
27 201
72 253
79 147
93 157
25 253
94 92
64 189
33 73
65 110
89 241
86 90
61 62
6 129
39 3
78 113
54 244
55 14
63 230
8 208
37 104
53 143
18 254
14 247
34 283
5 222
36 64
58 119
61 212
83 70
6 128
23 21
75 203
21 144
19 102
82 120
10 281
92 169
85 163
16 184
56 238
21 4
37 139
21 273
86 173
90 269
50 56
16 148
15 285
8 184
43 83
3 136
51 146
4 86
45 272
96 278
98 108
3 66
20 31
58 114
44 186
90 93
29 210
91 185
77 214
69 243
43 157
19 8
38 11
36 28
31 23
11 130
29 150
21 40
22 194
56 207
51 213
92 61
65 158
79 60
81 136
83 50
72 180
20 231
49 41
70 165
98 135
40 272
28 167
89 63
69 10
28 267
41 145
73 24
58 201
37 20
44 158
42 225
89 100
37 55
28 94
85 1
76 197
93 209
72 146
11 76
91 252
52 226
21 280
80 82
15 245
41 218
78 6
92 34
38 217
63 153
15 230
15 185
21 154
99 192
26 100
88 272
93 217
7 12
24 284
41 174
79 266
75 153
75 164
52 240
285
