f0-hd-kp-168-179
21 124
27 198
35 127
61 180
95 66
108 192
128 164
121 64
51 68
24 141
80 179
110 123
115 115
92 82
80 91
82 49
51 151
88 64
110 44
49 32
93 68
35 146
17 225
96 168
41 171
47 139
108 39
120 226
37 60
57 197
59 79
50 189
99 16
62 146
61 185
78 97
28 116
88 68
111 154
98 132
36 151
29 79
25 52
87 213
91 108
41 195
21 44
122 81
99 95
71 143
94 196
105 157
72 43
61 55
64 90
83 223
96 78
103 155
100 41
26 61
22 70
123 44
48 60
24 167
38 36
18 211
80 156
84 98
40 173
19 193
38 159
85 154
104 80
51 100
24 94
38 32
83 69
24 142
88 81
87 193
53 196
23 24
83 84
61 147
69 44
89 106
115 172
115 156
40 67
67 25
62 203
108 157
79 27
73 173
19 153
83 55
85 109
74 8
97 106
23 146
48 151
84 52
122 187
38 36
19 163
24 53
29 103
62 54
15 129
25 127
25 225
55 169
74 159
58 156
71 35
71 98
58 221
105 61
17 110
88 15
97 72
112 29
22 65
118 110
58 154
75 144
103 115
100 61
73 100
45 203
67 145
45 98
23 189
54 205
49 158
64 68
82 65
84 77
42 69
75 119
71 61
15 46
73 146
77 80
92 57
104 110
36 86
90 45
86 79
73 153
89 173
93 77
58 166
80 111
66 186
115 104
52 56
40 49
74 212
26 218
23 192
22 75
79 142
40 155
72 74
103 198
37 95
83 62
179
f1-hd-kp-163-714
33 557
39 148
84 774
55 337
70 325
41 369
95 198
18 436
79 605
91 395
90 445
54 469
106 547
113 750
79 298
10 176
20 313
38 560
87 453
63 207
97 813
95 298
9 142
79 239
63 317
86 272
46 791
43 141
65 835
72 473
88 463
72 256
101 824
106 357
17 721
31 604
53 314
49 356
44 413
83 565
64 555
65 43
125 387
116 685
49 687
125 430
77 601
31 529
104 340
74 605
98 507
108 277
92 151
92 640
54 679
68 714
120 428
110 648
26 480
98 199
116 635
121 193
24 727
59 171
87 264
33 189
22 360
69 375
92 683
87 133
100 637
40 240
99 524
71 100
97 683
51 197
8 481
45 569
82 597
27 594
89 352
102 637
51 496
50 482
77 544
87 463
25 717
87 676
46 478
54 734
64 267
26 545
98 785
34 695
38 137
15 643
122 374
98 370
112 403
120 213
13 80
101 858
99 254
34 383
29 308
94 485
60 734
98 887
14 735
80 727
44 607
52 381
73 819
52 645
82 339
77 411
67 397
112 591
7 521
90 407
102 384
9 497
37 702
40 513
93 529
72 427
32 809
60 679
64 661
18 472
44 445
14 456
68 347
29 273
100 634
85 279
124 382
98 174
91 304
88 83
88 639
105 276
43 346
109 727
50 463
78 575
40 555
77 576
104 909
16 151
46 482
53 571
80 311
94 509
35 261
101 456
91 585
66 777
100 506
119 386
59 289
85 834
97 797
714
f2-hd-kp-94-67
54 48
100 25
28 46
64 66
78 60
30 64
40 51
12 76
53 61
52 53
65 34
56 38
59 41
53 33
101 57
75 35
102 73
64 29
109 39
121 52
41 75
30 72
84 13
51 29
58 56
68 49
94 50
52 10
61 12
56 39
89 54
62 39
30 18
50 75
64 65
19 82
61 56
106 58
109 67
82 39
79 82
14 9
36 68
72 27
99 24
100 68
64 35
54 26
116 75
41 31
44 62
28 20
21 35
31 60
82 22
61 31
19 28
72 13
87 7
87 20
48 18
82 45
63 22
43 35
23 50
41 57
78 37
95 48
18 4
34 61
76 42
44 74
109 29
102 19
79 43
35 19
103 46
113 58
91 58
47 36
48 48
15 47
87 67
64 57
83 34
95 22
67 84
48 49
61 18
37 42
53 53
34 22
49 20
38 43
67
f3-hd-kp-151-285
38 60
22 348
105 218
73 174
43 307
67 95
14 164
102 232
51 250
93 336
26 110
111 274
86 94
95 123
111 213
47 247
108 281
106 122
24 260
126 190
32 273
100 38
82 321
90 163
53 126
98 109
23 256
81 66
86 124
121 53
99 224
25 180
59 178
61 324
74 159
97 172
16 76
31 286
112 75
70 140
73 109
36 69
59 122
89 165
102 48
18 66
84 44
109 107
50 119
57 198
89 74
20 35
39 88
78 263
102 145
29 210
101 212
96 210
36 127
65 297
40 244
84 105
63 47
37 274
79 144
92 138
104 160
48 85
15 142
34 156
22 293
99 210
7 36
89 170
73 286
8 267
58 204
41 112
94 276
111 169
86 242
66 223
64 212
76 83
36 119
36 109
109 34
26 198
64 345
84 225
105 133
59 146
76 103
23 58
4 208
84 222
69 232
90 222
47 160
73 275
51 130
87 128
45 128
2 227
106 301
83 179
35 44
86 214
46 267
84 101
109 60
21 81
53 195
62 280
70 159
79 250
14 160
38 87
95 258
37 299
93 158
60 44
35 105
49 159
66 46
38 58
65 283
30 55
68 294
24 51
58 225
49 255
112 177
17 178
58 63
78 103
42 98
19 111
58 273
76 139
62 275
117 259
79 259
37 288
85 199
41 215
69 277
60 272
64 253
36 115
65 103
285
f4-hd-kp-89-290
79 85
20 188
61 248
117 97
93 195
13 276
89 196
41 280
57 167
20 143
99 175
19 322
13 83
88 118
52 174
85 307
29 68
44 70
44 90
89 133
37 270
42 202
55 228
37 191
73 159
107 231
54 274
68 344
94 93
107 163
51 131
54 123
68 92
42 166
79 271
44 312
104 73
59 189
74 230
125 81
11 102
51 307
80 269
67 45
46 43
112 153
74 224
27 287
43 260
23 102
115 346
76 85
38 256
35 13
10 243
89 318
73 80
67 82
99 37
111 352
89 71
55 314
42 62
119 70
113 143
11 272
64 122
74 235
23 304
58 170
75 153
111 162
64 41
16 214
26 270
96 142
77 156
50 163
89 88
76 186
42 113
104 192
84 186
52 338
14 179
95 72
69 247
68 351
34 264
290
f5-hd-kp-148-910
75 285
108 525
96 470
37 232
51 554
33 395
65 602
56 1060
70 717
124 506
89 590
107 741
46 540
77 1037
59 355
64 1017
63 917
100 526
112 1013
65 448
83 722
31 717
30 935
24 385
91 592
9 901
37 599
39 846
50 583
86 371
79 481
26 308
42 505
30 773
74 274
121 501
33 198
22 602
70 855
74 708
116 143
20 727
100 384
126 74
9 871
122 652
69 589
69 531
72 218
37 782
30 140
32 319
42 407
33 555
59 398
69 883
83 537
73 860
100 867
84 928
55 186
37 689
110 629
62 436
89 953
17 703
64 970
32 455
73 210
119 431
24 1066
106 904
85 669
34 851
101 463
19 818
115 907
11 532
60 807
72 947
82 188
49 1039
9 215
57 704
70 920
43 816
15 795
80 488
84 629
112 867
100 480
71 322
52 952
61 918
80 418
23 466
30 674
66 412
27 160
72 554
63 620
37 260
39 204
63 937
98 793
71 725
72 412
42 45
110 185
29 294
11 755
41 1028
67 733
29 785
92 1045
70 579
33 226
45 340
50 313
36 809
26 739
47 548
40 1020
22 377
42 830
49 400
67 852
59 612
100 1046
91 381
35 1004
93 90
25 519
68 269
100 470
72 128
49 205
93 672
84 636
56 602
121 255
94 614
84 461
74 321
64 361
70 875
113 1020
84 867
910
f6-hd-kp-186-869
73 274
83 834
39 1016
47 402
35 1023
99 156
110 665
43 580
49 387
103 509
66 365
46 420
34 835
32 945
77 813
41 539
73 471
35 725
59 863
20 347
76 514
54 587
61 526
108 207
47 196
67 245
14 630
79 822
51 254
98 240
74 92
77 1005
70 760
39 186
69 894
90 534
50 442
108 733
100 582
50 819
31 944
54 153
45 892
44 411
58 771
79 712
97 225
114 370
89 801
62 581
116 816
54 463
84 634
100 429
80 620
92 716
88 187
94 389
18 832
66 527
52 460
87 818
53 838
87 693
97 927
75 578
79 413
45 739
67 940
60 632
79 873
67 703
94 925
54 260
103 79
21 683
88 549
62 546
79 669
90 1022
100 1100
71 777
47 408
77 648
101 30
24 897
69 371
26 666
52 638
63 182
63 995
49 954
72 821
62 924
83 837
110 517
99 273
89 832
97 630
89 607
67 776
40 282
87 753
93 163
68 680
52 646
70 488
54 917
115 221
40 326
70 868
105 631
65 764
77 634
53 813
33 719
124 347
71 363
23 335
50 914
25 320
52 612
79 1000
76 380
64 426
81 278
36 620
46 459
105 810
36 552
50 87
50 664
55 1012
33 1094
17 580
50 234
61 291
37 953
94 262
52 749
57 613
81 662
49 702
121 639
72 695
92 847
66 669
31 195
40 774
95 359
107 953
89 265
50 99
30 22
95 181
104 593
52 289
67 829
5 520
17 937
112 838
40 790
68 371
95 71
82 490
17 707
54 629
31 318
105 504
106 824
68 561
6 925
52 256
64 116
75 288
7 670
73 791
71 94
29 601
20 284
89 827
36 563
98 657
89 995
60 656
47 329
869
f7-hd-kp-165-885
32 839
67 355
29 764
71 539
109 325
23 423
95 973
112 671
82 69
81 1080
107 562
44 483
96 41
25 903
57 446
93 843
99 735
107 301
66 314
83 658
105 904
71 640
87 999
89 367
96 650
32 1066
91 781
57 513
17 257
80 376
75 48
74 906
126 889
40 93
32 695
64 981
34 566
58 286
35 440
54 753
39 745
36 321
76 338
53 1064
18 204
21 825
93 669
24 450
44 170
72 541
100 1018
79 144
56 222
32 405
17 299
88 592
97 373
53 144
53 294
91 808
90 489
4 731
34 332
78 531
125 423
28 838
94 1038
47 671
65 351
87 668
65 252
62 904
110 512
25 839
32 242
68 605
100 1047
66 27
61 725
95 446
26 189
109 1033
34 914
110 250
81 525
108 117
79 282
28 620
52 586
62 427
96 195
74 518
111 394
34 779
94 219
67 792
100 459
83 757
41 152
29 811
68 423
38 293
47 602
45 116
7 850
17 215
114 574
49 886
91 1047
107 287
29 276
97 308
57 476
76 955
33 1011
103 1034
19 511
50 763
111 752
41 671
41 408
94 575
85 653
102 670
35 998
60 876
78 159
115 850
91 745
101 700
35 895
28 831
102 105
84 199
34 371
111 890
19 589
81 270
19 532
83 833
39 436
123 254
21 727
28 343
74 1021
66 205
115 862
31 766
57 1039
79 490
107 1079
51 1001
86 707
44 731
87 808
25 647
85 859
103 326
79 478
121 488
26 666
57 425
89 192
85 564
32 767
885
f8-hd-kp-113-720
43 630
83 749
102 572
102 745
83 99
104 449
48 461
52 586
96 729
57 723
20 717
115 742
75 348
18 731
115 405
93 320
48 318
47 18
99 280
70 156
80 392
73 367
60 528
48 362
17 199
100 633
111 717
66 480
65 344
37 766
74 838
50 528
73 737
126 130
23 513
59 194
27 654
92 362
95 558
36 473
41 387
42 566
69 173
39 607
89 148
46 52
71 268
45 325
50 176
84 223
71 240
96 787
60 229
58 475
80 778
38 124
106 185
102 684
54 608
73 394
112 504
32 726
20 557
63 589
94 312
78 548
59 556
86 689
102 342
91 841
99 457
43 408
35 498
26 760
70 535
9 217
12 496
84 235
104 849
109 538
107 368
57 892
121 549
79 115
87 578
80 450
87 297
60 2
62 183
44 573
82 468
36 469
23 418
35 672
9 172
72 688
94 527
41 658
80 442
83 145
71 351
47 81
76 412
74 398
22 544
35 435
101 174
31 620
26 677
98 197
95 699
76 188
33 618
720
f9-hd-kp-162-821
44 539
21 320
70 371
58 231
45 480
16 528
48 767
117 391
93 741
47 862
63 435
41 579
102 800
94 330
34 228
58 293
65 113
57 767
84 882
70 534
103 482
59 942
89 697
35 700
85 541
89 756
113 478
71 616
94 152
106 644
21 455
6 587
94 323
86 200
86 874
108 551
100 89
42 721
105 763
41 599
83 620
30 347
35 473
57 549
23 507
58 1004
29 512
111 673
46 715
52 415
110 285
94 475
103 291
77 769
122 763
56 572
31 381
36 276
55 764
93 707
65 623
82 863
80 607
36 298
49 761
88 522
61 125
93 553
59 911
108 395
98 670
113 916
93 524
26 453
25 754
63 992
115 645
71 918
80 709
58 215
68 371
94 199
69 215
71 803
31 120
92 471
71 836
41 680
96 744
52 683
83 692
57 842
22 934
103 919
85 226
29 635
95 292
57 689
42 230
70 531
25 840
14 821
29 989
94 918
62 638
83 867
41 550
73 360
80 752
80 276
53 344
95 342
111 503
56 593
18 188
98 261
62 692
57 489
35 442
49 603
28 191
89 295
20 996
36 559
125 321
45 600
110 238
66 325
6 442
33 924
95 618
116 507
33 733
11 728
60 922
62 266
34 395
58 352
76 977
54 585
40 783
47 490
51 350
21 92
38 266
83 289
105 420
89 587
117 360
36 798
54 275
55 822
57 600
116 544
84 567
75 289
82 527
55 851
63 483
106 564
34 748
21 709
821
f10-hd-kp-199-661
58 317
101 709
101 499
92 526
80 761
18 578
68 263
65 445
84 131
85 209
25 74
70 495
88 843
12 763
91 583
105 204
26 592
19 458
89 340
50 661
38 490
105 551
97 285
49 313
36 235
57 633
47 713
31 590
67 511
2 371
89 443
122 680
113 446
61 400
16 169
34 549
77 432
31 382
47 544
81 689
30 415
72 307
40 193
23 374
120 440
36 413
19 149
91 355
90 442
92 377
74 578
33 435
102 628
52 593
107 576
125 370
22 150
21 570
92 453
22 233
95 490
21 188
87 307
123 199
14 732
65 239
86 255
30 295
96 232
42 340
88 650
60 615
55 396
86 612
14 106
61 460
35 58
87 356
74 280
76 391
33 601
80 471
81 739
99 309
94 689
80 330
43 333
86 359
53 751
105 479
111 135
101 654
17 493
107 397
82 433
51 193
15 437
28 549
44 281
98 299
78 484
43 206
93 697
93 404
58 352
52 340
55 640
60 732
53 319
121 206
39 626
39 688
71 469
97 105
53 372
107 517
24 358
86 377
44 483
83 541
75 225
77 515
58 456
49 415
84 303
118 465
55 737
84 475
86 508
121 779
53 439
89 632
25 675
32 163
90 495
75 663
64 475
23 573
13 603
21 202
80 356
57 441
10 404
26 427
46 654
73 824
39 360
87 246
75 343
78 197
60 368
57 725
65 523
74 508
62 596
87 638
22 590
32 396
87 231
54 359
35 557
81 598
107 85
40 401
67 387
93 673
49 695
70 363
65 420
28 272
47 530
97 533
67 378
27 410
123 459
81 512
39 547
25 218
101 662
39 369
32 108
122 466
104 21
35 483
37 510
86 462
102 559
31 513
77 298
29 405
31 757
95 242
83 460
51 730
55 347
18 541
15 690
53 738
49 255
661
f11-hd-kp-197-533
90 440
68 152
83 287
33 452
101 592
88 53
107 603
37 373
23 118
29 193
40 398
74 545
87 540
119 276
69 544
32 653
98 180
44 269
21 229
28 470
108 464
63 287
106 368
78 365
14 343
20 40
80 146
109 293
85 533
90 589
4 315
36 399
57 562
40 131
36 550
81 415
38 431
101 141
21 131
25 359
33 514
10 211
87 212
26 268
68 453
12 400
57 161
89 517
33 389
36 389
34 326
43 428
1 285
123 224
49 451
90 30
69 268
107 488
70 257
32 445
31 165
38 354
20 446
16 198
93 171
56 87
14 586
49 504
50 374
53 232
50 477
39 123
99 531
67 429
41 280
96 206
54 102
36 386
17 291
50 310
22 197
67 140
78 507
49 356
30 455
18 495
37 139
44 95
39 460
107 268
72 194
94 245
46 554
80 357
86 566
114 83
28 170
42 360
40 470
60 318
42 502
77 418
50 641
84 180
21 639
28 331
111 627
49 281
39 507
85 291
44 431
50 183
38 470
77 190
101 417
65 575
45 394
125 209
83 50
40 573
88 411
118 245
54 125
86 196
46 547
45 579
32 235
54 552
76 563
58 42
69 152
100 516
90 560
57 571
6 438
90 271
26 224
119 538
104 61
76 653
93 540
33 334
36 369
74 122
69 604
91 311
11 172
84 155
46 355
13 221
19 631
71 546
86 428
88 382
68 390
36 201
89 382
83 228
20 486
70 480
89 194
60 271
95 413
80 250
70 538
108 500
12 219
96 188
39 400
20 508
47 493
29 198
89 521
17 288
16 325
66 592
58 398
48 203
120 393
45 275
51 27
67 444
71 237
41 431
84 522
38 243
96 94
52 499
29 498
115 68
55 29
61 294
72 130
84 291
60 89
43 258
71 97
533
f12-hd-kp-61-955
99 583
63 669
98 871
80 518
109 738
105 452
89 299
43 1078
33 401
40 857
25 633
98 406
59 546
92 526
41 978
63 497
50 485
76 523
40 433
72 993
85 1186
57 1003
89 742
43 193
77 175
79 721
45 760
54 336
84 371
51 215
120 1166
51 435
74 1030
48 766
89 42
91 1011
46 779
41 1066
19 898
77 576
7 247
93 286
97 269
10 729
100 1219
52 520
44 1095
62 430
108 236
65 769
71 295
73 696
93 628
35 644
60 413
48 656
31 1079
97 233
37 650
95 832
59 495
955
f13-hd-kp-125-897
20 323
26 838
52 743
41 336
42 548
84 527
97 374
46 639
80 954
60 356
78 781
110 340
123 850
81 409
100 592
114 951
86 839
84 275
101 757
33 363
100 332
32 402
57 363
36 391
27 126
41 762
95 358
106 894
31 658
26 299
70 512
57 433
76 682
92 745
52 922
14 492
38 480
58 921
88 210
37 751
74 1129
85 314
26 803
92 174
72 721
82 381
100 463
98 224
58 775
59 37
63 834
92 157
45 875
93 605
9 653
76 644
38 731
116 743
101 582
77 301
13 844
79 541
26 158
88 786
77 200
98 497
100 174
4 469
37 349
21 821
104 868
111 645
89 333
33 259
47 802
96 342
125 494
75 613
81 836
56 908
26 282
71 515
110 442
46 452
10 797
34 341
54 426
79 887
7 289
104 339
8 170
63 713
16 674
7 690
36 643
65 947
117 902
82 328
94 721
78 330
39 500
94 1076
30 969
99 365
91 460
114 896
52 667
31 696
31 675
94 121
125 170
74 567
88 430
15 639
34 676
42 814
69 497
36 840
67 611
47 735
119 272
93 904
32 192
46 232
28 893
897
f14-hd-kp-122-262
111 279
60 101
30 227
28 301
86 72
92 183
25 103
29 134
99 232
98 145
69 116
113 217
47 27
33 156
70 92
22 194
49 266
115 337
41 292
77 79
99 219
78 90
84 174
24 180
119 215
57 76
115 93
100 209
20 316
97 254
15 261
39 308
53 260
59 234
98 155
110 107
47 238
116 136
109 124
82 278
73 194
2 279
102 42
3 239
81 65
52 150
100 227
102 83
29 171
11 76
71 111
47 188
108 226
47 138
114 173
59 170
106 213
8 157
25 152
54 315
104 288
78 140
95 212
32 99
62 300
74 238
58 156
45 55
50 151
101 281
57 175
43 156
41 230
33 255
29 231
50 223
63 68
29 231
106 296
40 300
95 52
68 247
37 97
77 221
43 135
43 205
76 129
69 246
97 250
66 61
88 110
21 195
83 124
66 221
18 55
83 167
92 66
73 38
97 297
101 180
35 228
44 143
37 263
41 119
101 231
99 331
43 279
88 216
107 121
73 123
64 101
61 205
38 177
29 239
68 55
108 167
15 235
59 198
67 90
78 287
124 219
49 142
262
f15-hd-kp-182-71
79 31
39 64
95 84
13 48
107 55
31 74
30 72
101 52
115 22
86 48
52 15
64 29
28 76
40 78
35 64
9 44
69 83
101 28
92 55
41 4
28 64
77 79
47 2
121 68
101 31
106 8
68 82
36 71
86 43
73 50
97 64
40 70
94 72
50 37
30 48
126 72
92 77
109 47
17 18
36 15
28 6
62 12
71 25
66 70
94 30
38 39
70 66
19 57
64 19
100 74
27 24
32 86
94 60
73 50
82 59
81 45
83 28
68 56
94 37
80 74
29 54
64 37
74 14
94 68
85 75
64 35
61 52
97 66
42 3
99 50
51 71
30 20
58 17
95 5
86 54
29 6
30 24
43 14
62 24
52 50
79 67
90 73
73 91
59 19
6 12
32 78
36 35
46 43
20 27
55 64
33 53
82 10
54 22
21 67
30 65
9 43
23 49
9 25
95 36
24 65
105 61
48 19
12 53
78 77
59 20
56 12
68 34
82 37
46 48
41 46
81 91
51 58
81 6
27 37
52 45
63 28
43 13
89 69
84 17
29 21
92 19
25 83
22 30
76 74
79 64
102 8
68 86
4 46
15 29
57 39
77 64
90 77
36 54
89 59
117 69
54 59
30 28
97 75
38 65
119 63
95 21
28 47
8 14
41 70
23 29
65 34
102 74
81 42
75 67
72 59
76 49
91 58
64 33
56 39
76 68
55 58
101 79
56 72
30 46
84 79
41 46
70 52
88 15
52 71
70 40
91 70
34 12
31 80
128 47
11 39
50 80
37 71
117 58
14 75
107 35
105 37
74 48
72 28
29 16
99 70
85 77
82 19
71
f16-hd-kp-118-96
12 21
89 68
86 105
62 66
92 92
87 96
22 55
72 81
89 71
81 85
38 98
35 66
70 62
87 80
42 90
16 99
74 66
39 86
85 64
77 109
114 109
88 85
25 86
96 65
30 33
117 44
27 42
64 76
107 68
78 44
94 70
35 67
36 24
88 99
114 9
97 47
75 42
93 30
52 76
42 11
32 30
39 53
70 110
12 119
68 76
114 4
14 86
61 74
92 103
105 29
67 9
83 58
42 40
42 74
26 39
56 54
16 84
23 26
86 39
63 63
20 22
110 41
75 15
43 77
32 58
63 101
66 65
123 93
51 42
23 68
81 57
37 26
64 30
7 25
111 87
66 14
73 13
113 45
30 7
89 66
52 57
88 74
100 82
53 31
46 28
78 34
94 43
125 100
98 92
85 61
7 16
55 106
48 81
23 93
100 80
53 68
113 98
32 52
92 89
106 111
23 53
39 108
110 97
46 63
38 72
104 71
70 86
48 104
20 48
49 108
100 78
81 94
57 55
50 28
29 13
89 72
13 64
84 101
96
f17-hd-kp-129-439
84 385
122 360
36 291
28 458
62 207
36 132
22 380
98 261
112 178
98 237
86 95
77 283
118 100
74 521
108 91
61 162
12 239
71 334
114 101
50 525
41 454
53 30
58 410
52 538
6 136
66 68
99 71
33 415
2 221
104 319
37 485
72 339
17 352
3 326
48 30
20 439
66 162
89 163
91 440
90 72
41 186
103 181
49 141
30 381
85 145
19 512
67 329
64 380
110 373
98 360
43 431
17 495
18 395
75 297
81 409
20 350
83 133
27 276
107 67
100 143
70 239
75 423
104 283
103 539
45 234
94 217
48 154
114 88
35 260
17 309
102 441
114 139
126 503
55 159
98 66
39 407
101 434
84 358
88 220
80 225
98 425
58 410
60 478
53 417
98 407
92 105
17 321
67 283
89 401
39 443
99 294
32 392
26 275
101 383
71 412
58 363
67 170
29 257
43 360
85 397
86 235
38 286
65 305
115 411
36 155
35 265
18 331
82 388
61 354
85 83
83 104
94 431
111 439
73 275
82 208
60 95
97 462
75 277
24 142
60 544
55 418
44 359
32 154
31 203
43 63
43 329
46 293
102 458
91 419
439
f18-hd-kp-154-743
54 672
10 762
23 552
33 502
107 604
14 240
101 560
119 628
81 730
92 222
87 804
96 208
48 555
58 470
37 343
66 238
20 768
91 756
67 492
55 99
100 254
16 268
19 703
105 764
65 330
39 770
110 144
65 711
64 495
31 728
84 524
38 493
67 484
48 480
30 908
52 346
72 316
20 472
20 935
87 216
59 370
59 782
48 186
86 643
74 802
63 216
96 680
38 417
5 499
47 477
50 616
36 493
98 530
114 278
99 831
92 220
31 770
103 172
112 189
97 415
38 647
101 448
41 600
56 577
46 65
66 451
79 550
30 337
67 174
43 272
80 917
82 671
94 402
88 705
56 255
60 432
126 671
75 567
112 343
33 539
58 284
58 408
25 83
116 300
64 448
32 657
71 631
91 230
26 143
60 485
125 726
37 322
68 123
67 660
41 645
57 637
101 660
83 285
125 467
57 325
65 444
81 398
62 469
85 690
75 257
99 402
83 571
119 260
41 419
112 227
28 323
56 665
92 862
83 111
39 655
43 258
125 811
43 113
3 557
84 150
54 647
59 414
61 867
83 88
100 633
84 418
79 590
61 631
64 530
31 333
76 686
95 555
79 312
112 153
86 808
98 676
88 804
94 554
47 434
96 687
19 253
48 537
69 671
105 622
82 506
79 952
90 188
16 342
35 23
8 204
39 746
53 569
112 145
76 195
743
f19-hd-kp-92-401
111 473
77 100
47 258
90 437
90 208
92 462
38 117
70 279
107 170
32 491
26 433
71 298
81 396
119 211
102 188
13 321
34 176
26 362
87 400
71 180
59 245
90 21
20 129
65 158
42 89
76 169
106 316
41 401
107 116
37 339
35 216
100 203
84 265
59 383
104 402
34 217
107 431
53 105
124 244
84 133
50 192
46 241
106 230
93 285
117 169
93 152
116 205
39 136
113 303
82 361
34 322
64 342
97 174
101 32
50 452
86 320
97 352
95 195
103 425
97 96
113 311
26 300
48 108
122 33
85 474
93 86
27 505
29 137
24 204
51 402
28 37
67 319
47 60
36 308
78 259
46 58
16 455
82 339
81 110
53 91
38 207
36 427
84 399
110 291
46 161
87 230
58 394
77 324
70 428
13 299
75 335
75 141
401
f20-hd-kp-31-722
111 576
42 773
84 434
53 870
47 540
57 16
42 468
42 444
34 266
110 720
30 854
101 396
25 339
86 745
37 354
28 141
12 120
77 477
60 381
105 795
115 468
52 675
91 65
38 579
80 542
55 460
57 168
93 572
64 250
31 388
75 691
722
f21-hd-kp-139-879
45 318
83 970
84 798
20 879
15 213
28 422
28 1067
58 758
8 335
44 940
41 202
127 216
94 845
118 755
102 323
104 659
65 563
78 520
5 996
45 344
74 244
65 410
106 171
65 222
76 209
50 655
59 235
20 274
24 620
90 377
93 615
113 403
94 560
48 139
50 590
78 282
59 468
29 1058
93 622
58 894
98 1048
88 973
55 70
94 874
36 847
43 354
11 726
14 233
44 551
93 493
30 707
62 223
107 172
78 421
62 268
40 56
14 20
50 189
45 335
91 745
51 598
29 177
53 183
94 903
25 772
60 569
91 368
66 934
35 213
53 372
83 494
100 766
20 219
100 923
66 587
11 515
52 727
37 269
23 618
34 813
43 663
99 472
72 473
47 58
57 268
55 632
35 540
55 617
81 203
118 891
19 576
79 639
27 673
79 750
99 452
91 455
78 683
42 721
64 507
31 272
93 410
42 518
110 243
73 755
47 569
24 703
115 852
106 536
59 843
71 868
68 150
29 655
52 827
85 561
88 308
88 354
33 1008
67 815
39 625
72 363
88 498
7 351
88 632
70 785
41 708
40 528
110 229
88 212
83 205
37 273
73 203
96 296
64 421
15 987
68 770
45 210
35 524
20 853
62 931
879
f22-hd-kp-115-89
26 72
68 30
81 68
60 99
14 14
82 24
71 85
83 78
96 16
17 49
40 37
40 42
117 81
77 99
102 47
68 55
65 19
88 45
35 18
34 32
97 19
60 42
50 45
12 62
3 88
36 71
21 53
53 103
109 61
78 46
65 16
37 79
82 32
97 70
96 35
23 65
96 75
67 30
26 10
88 104
97 93
99 87
56 34
118 60
98 59
56 51
1 83
105 84
42 10
105 109
64 28
98 35
52 72
67 99
80 74
96 69
98 101
83 77
117 100
66 92
60 84
16 99
113 51
100 29
28 14
43 42
110 22
46 79
15 74
67 105
48 78
116 69
32 31
101 20
63 65
38 44
124 44
50 56
6 19
8 93
46 107
69 37
87 49
63 75
106 35
41 63
65 57
86 31
113 72
74 72
52 34
43 91
98 62
52 82
116 82
85 69
70 42
39 9
37 68
74 20
38 55
85 28
33 88
73 38
68 32
42 51
93 83
75 64
96 76
90 81
83 92
54 53
99 27
103 39
87 87
89
f23-hd-kp-88-906
61 181
98 842
69 344
74 507
63 664
45 1018
61 469
110 359
67 305
28 885
25 424
114 668
45 803
41 58
100 475
49 388
62 1093
96 423
57 293
75 332
33 661
13 405
104 899
91 361
74 180
61 889
40 912
31 301
101 199
25 87
65 856
101 483
95 1013
36 525
108 399
31 432
51 102
12 593
76 731
122 923
36 898
99 547
109 723
46 385
32 207
101 502
81 928
55 882
107 611
30 358
68 521
29 637
103 888
43 460
85 260
34 555
64 384
116 266
65 524
59 804
29 866
49 500
104 704
113 764
35 184
41 504
93 806
77 788
74 382
60 1025
11 378
29 878
57 601
39 273
105 301
76 574
65 563
87 734
69 165
21 370
109 276
71 1005
66 961
91 334
14 910
109 970
108 676
41 335
906
f24-hd-kp-168-471
37 563
49 451
109 63
59 440
101 589
39 381
83 408
35 452
63 133
106 280
11 381
70 332
84 71
35 471
111 169
111 26
121 370
97 444
22 201
37 453
95 334
80 164
123 445
58 258
93 153
80 531
83 300
95 366
36 241
65 194
82 391
53 435
38 461
100 415
61 333
38 95
27 505
49 392
101 124
57 449
76 543
13 582
84 115
94 235
35 606
42 402
93 265
120 443
81 250
53 341
13 272
42 167
78 527
115 419
118 171
102 302
48 166
67 594
120 137
22 382
115 285
17 354
65 325
28 275
52 568
23 364
58 508
48 313
40 221
8 448
73 160
30 184
64 435
50 332
59 117
17 89
79 349
63 443
40 225
109 254
37 305
32 243
104 218
23 181
76 451
69 122
100 151
71 542
15 375
98 87
65 477
98 468
84 542
86 358
53 125
41 205
19 122
58 114
87 152
7 87
85 308
48 367
46 353
90 243
37 357
53 536
21 523
72 84
108 372
67 338
13 542
60 534
125 181
89 458
98 414
90 284
91 407
20 441
94 209
26 350
87 361
104 396
25 378
93 565
25 150
56 485
101 460
91 351
89 413
116 320
28 56
52 158
45 181
48 345
86 202
42 539
21 541
79 206
103 114
71 310
28 129
57 285
21 264
84 439
24 216
73 215
13 120
81 547
108 483
82 464
68 553
92 386
25 128
34 426
71 345
43 44
70 455
32 332
78 494
7 212
113 178
37 277
125 325
87 193
42 258
98 181
75 142
86 269
471
f25-hd-kp-73-733
99 50
97 354
55 455
88 803
89 880
66 632
86 338
78 107
39 808
104 739
95 531
43 350
86 613
55 555
80 745
15 192
56 554
50 251
70 791
95 113
9 645
33 318
23 414
44 841
44 582
41 195
31 610
30 246
104 385
82 491
114 573
67 583
43 779
13 599
85 343
13 693
95 383
65 505
73 216
13 357
45 386
19 148
93 505
87 198
42 569
44 689
87 302
34 927
32 701
98 793
26 277
85 614
8 615
74 156
60 164
104 285
118 557
88 68
54 116
68 264
69 381
26 760
25 213
14 437
46 775
80 289
113 437
102 279
40 588
72 370
49 63
27 700
71 681
733
f26-hd-kp-187-443
112 189
48 348
86 509
39 373
100 289
15 240
14 285
86 349
103 37
109 196
43 471
41 373
76 287
112 356
103 146
98 254
33 179
112 398
25 505
106 340
68 453
75 238
41 206
104 180
96 19
58 526
33 208
81 422
60 75
38 158
98 385
105 408
61 96
72 83
46 324
117 530
101 410
93 414
86 222
56 92
26 92
32 426
41 482
96 463
107 434
103 403
70 234
40 168
19 87
62 385
32 347
87 379
52 345
72 155
69 326
14 184
71 447
72 388
85 80
59 124
26 332
54 325
120 86
69 186
68 282
108 118
102 337
109 394
68 290
111 330
91 188
66 137
28 146
79 127
68 228
12 346
48 301
89 274
6 349
56 204
92 328
72 486
77 435
124 252
42 447
72 168
81 168
97 294
31 277
60 151
31 435
86 169
74 420
48 201
67 351
63 218
33 194
27 404
84 197
46 481
47 332
56 237
56 484
83 208
22 268
84 322
102 185
81 155
32 204
112 541
123 439
91 180
60 177
27 166
54 344
63 205
15 363
123 126
81 145
16 265
75 247
27 451
80 54
72 141
47 43
69 150
40 492
86 448
84 440
57 461
110 445
38 330
105 10
105 256
23 453
111 530
80 511
78 200
106 288
17 421
34 255
88 474
65 157
28 245
86 18
67 279
78 75
68 26
10 385
117 325
57 541
112 386
42 148
71 318
32 135
120 377
26 422
91 306
62 59
29 417
118 475
83 407
103 149
48 141
94 456
42 358
57 355
109 100
87 217
106 82
46 462
100 444
19 203
87 417
82 172
93 439
24 380
68 237
56 345
60 363
66 234
87 301
33 208
104 489
106 334
70 216
92 59
443
f27-hd-kp-114-733
112 680
42 616
49 567
62 911
42 292
95 644
71 532
27 339
40 615
65 284
59 489
63 728
67 393
20 700
30 130
29 660
34 74
84 548
6 875
94 356
76 885
61 542
38 87
29 152
110 236
96 259
112 607
34 633
108 759
68 378
78 156
17 455
41 182
61 364
12 474
28 202
112 183
88 300
60 205
87 753
12 442
46 735
86 787
106 491
84 239
60 425
105 367
51 372
70 440
111 508
81 645
95 427
36 512
78 111
105 788
96 900
10 690
20 857
52 572
19 654
16 412
119 512
70 878
77 733
34 593
32 542
27 220
65 269
83 466
67 156
35 692
3 586
60 50
36 750
87 363
54 384
68 216
100 475
62 760
37 466
38 527
39 161
33 591
55 689
88 742
62 150
30 603
31 374
100 784
42 29
76 190
55 625
68 686
43 715
61 185
94 690
94 134
41 650
50 93
16 791
65 586
73 724
102 264
119 830
78 250
103 734
108 342
92 646
63 445
22 385
114 854
103 792
77 437
44 857
733
f28-hd-kp-128-200
67 67
98 109
107 112
87 118
95 196
78 77
62 200
36 114
98 218
61 152
88 44
79 101
110 93
85 126
48 194
64 38
48 223
101 83
67 71
60 214
73 155
54 49
85 41
84 81
16 194
90 192
86 115
50 36
30 125
89 73
81 124
106 181
56 71
83 99
95 201
68 138
57 11
76 166
34 217
59 18
20 26
46 178
111 150
104 182
31 79
51 60
85 190
60 189
20 143
46 115
115 156
37 67
103 80
43 35
53 41
84 138
41 11
14 177
56 118
78 166
88 52
72 150
51 143
35 163
73 189
58 156
80 63
118 204
42 136
39 191
28 234
83 36
106 38
53 92
34 55
41 148
101 90
66 94
54 221
24 217
83 169
66 130
86 137
5 169
99 209
103 193
97 71
32 85
28 93
54 111
61 36
117 99
89 109
86 144
59 205
29 11
22 106
97 121
99 99
44 94
70 25
70 124
52 8
75 187
50 104
51 186
100 160
59 222
39 161
123 59
68 127
67 190
81 31
108 140
82 179
79 231
118 112
25 206
36 110
113 41
55 116
54 188
70 136
77 165
107 185
51 187
29 237
66 168
200
f29-hd-kp-168-474
121 377
38 278
96 398
59 497
72 368
8 321
54 313
33 176
29 183
94 514
33 197
43 179
71 120
68 360
27 476
82 215
76 568
81 582
74 172
75 430
70 406
48 284
48 234
40 319
49 203
101 161
87 243
92 159
84 138
57 274
41 235
22 400
49 237
35 480
75 133
63 443
113 329
82 207
111 322
126 274
58 332
2 351
26 381
88 406
6 98
31 162
27 316
80 172
79 397
98 210
72 180
99 190
73 103
57 397
51 241
114 93
117 346
108 324
83 160
64 72
74 309
29 497
24 148
103 303
80 215
83 402
105 149
69 320
91 313
56 225
78 368
88 381
78 133
52 311
108 351
27 194
87 343
61 259
121 198
49 151
54 407
104 357
41 432
56 518
15 51
76 327
89 150
50 100
46 469
39 463
60 63
112 403
78 383
73 135
73 344
42 156
88 417
48 600
28 542
50 251
46 223
69 375
22 202
59 166
94 499
56 531
14 484
21 351
78 297
111 296
27 443
120 129
75 500
101 445
32 458
68 329
57 519
126 260
61 140
21 195
88 432
94 332
99 82
56 97
107 302
98 435
38 470
35 87
75 260
64 373
32 143
58 270
90 352
98 458
62 491
69 377
99 204
45 409
39 117
75 158
29 400
108 491
18 395
98 349
48 554
25 225
11 523
75 460
49 389
96 297
84 190
109 202
120 377
69 291
60 255
29 477
57 555
31 270
54 463
87 317
47 558
51 449
88 270
77 386
25 282
28 483
93 502
43 78
474
f30-hd-kp-97-491
3 615
66 263
92 29
120 280
70 405
25 518
54 600
69 487
108 310
88 177
30 327
51 401
46 149
56 270
108 195
100 374
30 384
108 357
31 551
83 374
14 329
88 241
34 252
40 181
5 81
45 355
30 126
44 219
40 382
70 431
40 168
43 422
85 143
21 19
42 539
57 159
78 410
44 329
106 51
61 264
118 140
34 224
55 164
63 389
71 431
63 562
15 58
46 419
126 410
19 313
106 130
18 270
90 243
16 242
21 262
42 153
58 90
85 456
104 401
74 204
112 472
82 550
77 439
30 407
46 152
52 538
27 51
118 470
58 309
86 461
110 74
105 526
96 405
21 304
98 438
57 100
77 356
46 342
47 253
81 212
55 486
39 107
61 193
43 169
109 426
101 443
99 273
23 71
52 449
106 435
80 254
37 313
98 199
46 205
82 545
56 307
25 113
491
f31-hd-kp-70-457
101 210
106 286
32 501
93 404
48 255
82 85
79 220
67 410
74 484
61 368
77 373
98 352
103 297
61 180
69 169
62 502
109 453
65 381
66 134
52 498
33 51
120 460
80 174
35 182
71 202
4 220
78 43
39 191
59 452
86 382
96 468
80 411
89 154
63 314
38 141
117 294
38 321
47 448
26 224
53 140
44 373
98 70
57 199
66 135
123 310
40 184
50 366
59 256
33 499
82 343
87 265
109 154
61 154
29 442
78 122
77 239
35 456
113 372
69 553
117 240
31 290
57 68
42 393
63 335
27 162
53 430
73 377
40 315
68 293
29 217
457
f32-hd-kp-186-842
105 624
76 983
36 1001
62 896
77 184
19 651
65 140
98 162
82 285
100 253
96 496
50 422
99 835
63 883
25 174
92 391
53 752
20 871
49 1020
48 864
90 758
17 618
107 341
77 560
94 366
39 368
40 901
110 522
102 646
34 508
87 783
74 609
125 595
30 258
28 626
78 757
17 470
78 224
107 360
61 961
85 438
79 468
52 694
57 715
76 400
72 31
77 574
94 242
69 941
97 507
29 812
109 757
62 206
74 482
42 829
28 586
33 711
36 444
43 969
12 880
92 530
104 563
80 253
68 511
101 730
94 333
10 254
26 183
94 285
31 656
104 252
118 620
50 811
101 410
92 545
68 133
47 512
66 578
66 692
18 344
57 470
67 657
54 807
69 444
120 943
72 984
59 1001
99 657
65 880
48 885
102 747
40 128
43 558
26 228
62 699
73 959
26 264
61 469
110 355
92 625
11 875
81 764
32 1030
30 207
86 412
50 705
33 507
57 772
80 175
62 345
98 480
83 506
69 218
102 139
66 157
33 701
23 746
82 148
112 594
76 426
82 281
46 459
91 698
86 589
42 307
73 846
72 806
62 850
11 294
17 573
13 825
26 175
83 495
20 212
30 866
85 680
96 856
4 615
33 589
72 259
45 247
126 344
107 53
47 851
55 289
39 642
66 7
26 156
73 494
56 301
30 203
17 1042
4 587
106 345
101 490
84 538
82 764
38 141
36 232
54 412
45 776
55 417
32 717
98 767
32 471
61 1075
52 330
70 433
44 536
89 544
125 787
93 497
72 645
17 585
45 120
102 661
46 291
7 358
23 381
21 502
98 833
77 100
105 367
27 368
53 809
90 571
842
f33-hd-kp-186-397
65 484
79 103
58 170
83 193
66 247
76 127
92 94
51 248
75 340
73 347
58 117
30 328
16 305
5 139
27 287
57 140
17 385
122 425
127 300
6 392
19 209
124 40
65 426
27 346
63 126
44 334
68 133
33 375
45 106
7 144
67 222
75 432
28 276
66 323
61 228
111 263
83 183
86 202
67 291
54 312
35 152
48 462
24 186
69 338
82 155
99 243
41 90
46 318
89 231
112 486
92 255
61 284
82 224
54 385
76 367
51 98
25 231
119 194
19 307
93 59
72 111
57 18
30 113
39 223
67 108
31 126
27 377
23 436
15 384
74 333
110 359
48 98
116 423
94 314
62 313
45 375
69 156
38 435
67 220
115 158
123 118
68 40
49 343
35 280
25 167
68 81
117 452
61 113
102 189
107 402
70 248
63 349
50 163
97 305
44 323
70 261
33 415
65 172
72 202
27 127
56 79
95 318
96 190
31 79
45 91
27 88
102 130
69 324
88 316
71 341
70 326
28 269
52 350
22 351
103 424
13 328
26 455
117 348
113 200
52 200
23 100
65 80
63 245
91 253
46 79
11 190
48 265
46 207
48 270
64 179
28 362
80 367
11 241
43 165
56 172
105 43
82 282
84 323
108 375
96 180
88 200
44 289
100 448
45 175
43 266
102 139
8 296
88 176
98 251
79 288
20 397
50 377
95 358
88 108
52 331
84 166
18 203
90 292
102 502
29 244
101 120
73 278
90 98
108 134
64 468
35 167
62 150
15 355
92 9
36 14
107 309
64 298
40 149
96 402
25 440
64 333
53 157
37 268
34 343
96 314
56 95
77 108
100 186
76 247
70 362
57 144
397
f34-hd-kp-13-626
67 417
28 333
58 233
61 240
23 125
94 477
77 233
94 156
38 165
30 352
91 280
59 720
54 278
626
f35-hd-kp-102-708
50 759
87 499
57 57
97 390
57 575
44 731
32 614
44 507
47 790
88 297
114 405
30 370
112 184
96 94
101 263
112 264
14 368
59 436
57 438
80 610
92 829
79 376
80 362
43 191
75 382
52 397
30 419
72 729
71 226
89 526
44 198
37 180
84 328
22 546
32 348
104 206
88 688
59 284
26 541
87 143
42 462
47 423
53 767
8 125
43 641
97 65
105 368
61 134
119 423
78 641
53 257
37 258
70 700
69 259
74 482
32 782
65 131
112 619
41 182
59 181
83 198
26 191
63 630
79 246
58 149
58 258
93 421
81 360
32 169
41 186
20 605
89 820
49 654
120 723
33 575
114 822
104 715
64 653
84 414
44 127
51 786
64 447
53 538
86 544
82 630
23 405
21 372
125 611
53 689
37 498
87 664
86 427
61 776
65 299
77 62
60 61
24 291
68 605
86 322
119 359
49 721
103 607
708
f36-hd-kp-128-672
118 537
47 716
54 713
41 331
59 430
74 742
110 304
35 355
17 317
30 689
29 327
24 324
78 377
23 297
30 803
36 289
61 255
55 700
93 586
41 530
34 594
123 628
52 545
21 444
41 415
50 383
41 584
34 85
12 494
64 149
51 344
73 298
81 649
37 406
44 691
51 175
62 203
47 244
57 178
38 481
91 639
37 732
112 177
102 697
108 753
44 696
32 226
63 489
76 723
67 158
96 260
10 244
105 170
63 677
98 643
34 313
26 743
73 389
36 607
70 462
104 45
13 657
39 384
116 187
10 654
65 153
80 802
25 656
49 647
92 397
114 515
74 389
8 576
115 589
73 547
71 327
100 74
86 244
58 280
82 449
11 401
76 521
53 693
98 623
42 478
111 687
16 166
98 118
75 308
64 215
40 407
33 741
69 71
98 474
59 291
92 813
33 320
45 450
24 323
48 207
30 230
84 649
50 603
63 580
30 361
53 297
88 729
36 285
32 754
41 610
102 471
67 701
28 601
89 621
45 236
118 460
86 230
121 205
91 232
92 367
72 399
13 602
57 470
21 128
55 500
18 244
125 697
114 669
672
f37-hd-kp-57-122
82 9
65 138
81 42
115 68
98 55
36 110
105 120
27 95
110 39
56 24
39 52
95 79
54 84
94 17
41 21
33 64
79 109
56 57
98 128
74 120
75 93
94 118
70 67
29 79
80 105
98 68
32 87
36 146
70 133
75 35
90 79
7 92
71 112
97 32
32 114
73 95
23 39
86 62
61 123
47 74
30 109
71 82
79 118
95 87
40 118
33 90
55 100
53 121
64 71
65 125
95 141
85 33
28 40
30 18
4 70
95 148
124 113
122
f38-hd-kp-47-295
70 358
75 295
52 273
23 102
47 44
39 302
66 168
102 16
118 317
128 105
68 173
35 237
66 60
94 138
46 120
63 330
92 90
83 128
18 351
72 78
36 150
109 132
124 222
65 275
41 16
99 277
99 83
83 219
58 274
100 122
33 61
26 153
19 72
36 177
20 131
81 269
82 92
29 268
100 258
75 142
101 327
118 155
53 287
20 339
61 229
94 204
18 275
295
f39-hd-kp-88-823
87 595
88 689
22 333
100 836
113 58
103 256
51 817
65 498
77 506
66 126
45 219
57 350
81 621
79 753
70 726
94 982
7 230
79 70
26 230
116 782
93 895
85 793
69 253
56 760
80 82
40 787
108 449
94 530
65 364
33 745
10 837
96 336
44 493
34 546
97 447
107 427
100 714
45 1047
96 134
15 176
10 604
47 762
28 666
11 471
84 754
34 380
84 341
53 736
37 693
81 790
30 241
54 537
19 297
23 628
44 301
44 298
30 877
76 659
9 500
50 252
71 437
32 995
115 494
76 447
55 416
100 460
36 109
86 251
75 592
96 982
82 844
108 371
48 718
38 572
44 759
87 585
14 63
55 978
23 857
42 782
38 581
37 627
17 146
103 732
82 300
64 452
60 936
57 866
823
f40-hd-kp-198-911
79 896
33 355
24 742
63 566
86 740
123 1041
35 716
74 311
43 236
116 992
106 413
83 792
88 550
113 548
32 1002
77 373
123 850
69 410
36 1065
127 579
12 859
12 599
22 817
72 989
74 997
105 156
52 527
20 656
88 927
85 435
48 106
12 480
104 559
94 505
44 794
49 36
95 330
69 395
99 904
48 677
69 886
62 314
80 1008
4 219
81 669
91 177
125 329
64 394
44 525
45 291
76 383
52 123
72 332
122 392
73 89
62 832
25 972
85 786
69 404
103 222
100 361
100 495
28 475
102 179
72 705
66 436
97 809
50 158
68 143
62 410
12 605
55 992
11 404
58 697
125 202
70 291
99 719
115 227
57 608
9 349
63 498
102 909
107 188
23 635
19 458
66 853
36 216
6 286
129 130
77 830
18 252
106 1041
30 682
73 604
42 497
70 526
41 61
112 142
15 242
69 795
105 433
96 884
100 433
2 947
79 809
80 613
91 103
32 493
49 280
112 573
102 372
113 736
31 251
34 1000
63 940
44 565
28 710
47 680
51 440
74 129
40 550
52 612
43 723
24 333
117 333
40 685
97 232
82 464
62 362
70 960
40 882
82 1032
87 575
53 1045
55 903
87 1030
72 798
62 659
18 1024
64 298
26 303
58 975
69 304
25 1018
74 813
90 199
80 913
51 824
80 254
52 784
53 337
110 712
63 760
54 480
100 928
104 659
30 607
106 209
96 442
37 572
54 732
92 484
113 851
30 1010
54 647
35 501
60 435
15 21
121 108
43 71
42 737
94 197
109 617
83 728
111 682
102 513
31 366
101 457
100 621
34 704
45 691
49 753
84 1128
105 997
89 375
41 575
28 589
30 581
33 98
48 613
36 788
115 869
45 808
104 360
76 784
105 506
74 61
87 630
911
f41-hd-kp-18-149
42 51
27 67
32 65
100 94
60 60
47 55
77 68
34 63
85 69
80 158
18 40
98 129
34 36
31 32
107 65
87 147
84 80
14 125
149
f42-hd-kp-200-326
114 333
53 267
15 73
94 276
45 284
48 99
60 158
42 325
104 301
60 118
115 288
36 164
99 178
51 159
23 147
41 240
47 87
20 323
82 399
92 147
125 64
45 325
62 136
43 306
99 238
102 11
44 169
35 89
96 260
36 137
75 117
39 205
41 225
56 95
84 281
77 223
121 329
82 225
6 174
95 319
19 178
16 255
69 98
82 75
117 290
28 152
72 46
90 269
34 243
43 112
45 205
67 46
32 291
89 235
99 232
113 291
79 257
12 228
41 267
30 223
107 222
55 223
36 406
107 343
45 377
106 96
45 152
25 260
34 83
48 124
91 374
79 130
106 186
64 37
107 214
49 336
72 123
114 232
81 159
75 127
92 259
65 154
14 224
103 17
109 160
109 381
96 231
55 197
26 266
103 114
52 288
39 299
69 247
33 268
92 147
78 83
108 118
71 167
71 339
60 42
74 149
62 123
80 123
47 78
101 333
29 281
34 374
53 351
41 289
44 237
70 303
72 235
26 145
57 23
74 215
41 98
67 230
25 243
43 324
46 284
63 76
75 278
91 307
123 12
35 339
79 189
93 86
104 330
36 188
32 310
73 169
27 162
56 188
119 40
94 68
75 408
20 192
97 322
73 321
39 274
91 57
80 191
21 284
34 324
84 315
57 286
45 280
10 28
97 304
31 130
36 155
33 380
74 109
64 221
51 259
27 318
59 367
53 134
53 354
30 313
115 317
102 114
14 210
106 67
112 143
105 268
91 299
89 379
37 350
92 206
25 302
87 359
36 90
73 126
79 287
22 386
94 134
103 38
115 145
25 179
18 208
105 357
100 39
50 28
72 142
14 166
9 136
15 108
69 195
43 306
103 240
80 289
63 338
111 297
46 342
120 328
100 256
116 206
102 127
40 81
326
f43-hd-kp-118-157
41 190
116 119
30 46
85 147
22 133
98 37
34 163
42 58
83 57
23 62
47 105
59 76
82 92
30 57
50 44
97 87
32 68
40 161
96 67
53 194
129 142
98 26
45 169
116 103
47 53
32 115
26 91
99 19
58 86
31 197
8 161
35 96
99 43
45 58
44 163
47 52
79 84
68 109
74 152
47 153
27 175
17 44
106 49
102 67
29 67
22 143
40 102
110 185
73 96
46 81
108 59
40 106
42 80
52 158
38 17
111 67
50 33
115 38
101 102
69 91
73 138
75 19
74 130
35 140
69 50
47 94
90 178
52 144
53 134
40 143
28 120
104 84
16 86
47 51
50 129
99 74
41 51
88 134
24 26
83 47
93 128
109 59
110 163
64 117
27 145
23 146
64 132
86 141
86 169
95 90
67 73
36 116
34 109
80 37
23 9
62 62
35 178
17 6
76 90
53 54
31 35
98 49
81 149
65 82
54 15
40 155
113 134
72 157
82 144
26 147
64 94
46 104
78 193
42 60
19 56
49 152
56 65
42 147
157
f44-hd-kp-107-154
48 55
47 170
40 72
91 88
54 188
74 18
71 182
15 122
23 181
100 146
70 73
90 143
25 121
107 69
53 43
45 60
26 140
78 18
33 57
66 81
29 7
42 59
72 142
43 179
14 19
31 17
31 121
93 40
98 159
103 137
120 38
78 63
119 133
113 196
32 145
86 117
58 126
40 163
55 72
20 110
16 116
106 119
82 121
16 56
63 121
76 25
90 72
37 167
16 117
44 100
84 54
52 113
86 104
80 116
74 165
88 101
84 178
54 125
27 38
106 107
54 44
85 104
65 38
108 33
57 115
74 138
56 156
72 40
111 90
64 80
67 139
17 179
73 112
14 154
41 34
88 165
16 92
58 151
92 147
50 123
49 58
42 113
79 59
88 161
38 84
33 69
27 154
113 120
117 161
86 126
70 37
21 130
98 64
36 94
95 167
19 94
74 144
41 80
76 123
64 152
115 90
64 21
62 59
103 153
64 30
100 87
60 37
154
f45-hd-kp-131-275
121 70
67 104
67 190
68 227
38 187
102 232
97 275
56 115
67 214
84 129
56 200
9 77
6 220
22 79
114 281
79 203
19 101
35 188
75 138
103 206
116 55
85 74
28 126
75 341
80 271
82 309
115 201
57 214
31 128
107 226
63 257
31 132
30 86
91 137
22 112
49 149
70 17
92 291
86 107
47 264
81 221
50 316
111 148
68 264
64 107
102 216
39 58
11 251
74 187
59 222
93 276
37 238
46 1
41 93
97 290
50 67
66 239
97 216
83 182
56 202
21 254
109 249
118 84
36 153
72 236
10 106
51 184
46 226
59 159
26 163
27 10
57 306
101 178
57 100
58 250
104 298
87 100
57 262
72 308
16 301
46 103
48 219
99 81
106 102
35 294
32 233
65 176
47 276
72 311
85 311
60 177
76 168
50 231
115 203
68 252
27 112
94 236
121 79
36 124
35 154
84 203
25 59
5 87
86 282
73 218
42 32
48 333
64 125
69 164
45 258
47 176
25 273
40 315
50 89
79 275
119 334
28 201
8 293
30 121
49 242
34 308
69 35
21 269
109 221
48 39
102 88
79 212
35 94
98 256
109 341
21 336
275
f46-hd-kp-27-981
85 364
78 1021
51 75
46 199
95 278
42 552
101 899
24 1123
33 302
14 487
66 1008
50 812
47 1026
128 428
108 74
61 387
35 998
28 981
51 1213
52 542
30 666
47 376
36 807
60 1024
83 872
93 280
78 309
981
f47-hd-kp-163-78
40 70
74 22
82 85
65 9
121 35
66 73
48 76
42 78
82 85
90 34
109 48
24 78
31 76
79 36
5 72
73 28
79 27
38 27
49 74
49 70
33 61
18 41
93 14
83 74
63 68
86 57
104 66
52 15
90 19
84 82
52 40
59 49
26 76
36 62
109 72
76 7
45 85
77 54
47 68
49 40
54 32
103 26
113 46
72 50
98 60
77 48
93 31
18 45
81 46
98 63
99 88
84 54
55 16
60 26
103 81
119 70
116 31
60 74
98 62
63 66
111 33
19 25
30 22
24 13
52 75
84 62
39 69
48 45
126 81
37 61
100 22
118 36
45 13
45 33
96 13
85 40
4 73
98 95
70 78
48 49
84 33
55 83
43 59
72 47
87 9
42 84
110 26
27 43
48 35
44 13
23 84
64 71
75 37
111 64
76 35
72 38
48 71
38 72
89 38
22 62
51 66
42 34
53 40
82 75
98 57
56 25
80 43
59 43
35 77
67 2
70 31
63 66
69 34
25 50
102 72
90 55
45 49
29 22
51 15
88 75
9 56
92 62
25 23
76 41
59 53
69 62
105 56
91 35
78 57
11 45
122 53
70 35
33 51
100 80
53 76
85 17
98 90
58 54
40 75
9 64
64 35
89 84
97 50
115 31
73 39
38 35
78 12
68 57
27 38
80 34
74 32
73 26
96 79
99 56
46 81
113 93
5 50
34 95
78 51
42 23
58 40
7 45
79 48
78
f48-hd-kp-140-975
30 480
64 339
77 902
120 114
106 1032
49 765
79 875
111 177
58 670
39 815
29 211
98 922
51 1070
64 575
67 178
13 547
54 770
59 720
41 701
71 563
73 884
81 373
86 354
37 373
24 65
110 900
119 435
117 239
92 885
12 723
40 588
53 39
24 228
27 921
79 262
24 558
38 428
42 1004
29 1247
114 1092
103 757
109 870
49 646
66 461
69 448
88 1101
113 190
77 816
61 1056
98 458
36 986
100 341
100 812
55 760
82 463
19 746
68 912
109 102
80 351
24 953
32 740
71 669
29 352
24 468
81 903
114 388
77 244
126 613
104 779
47 527
34 1097
46 860
94 646
38 1156
85 200
37 1030
89 1215
114 486
53 299
33 281
99 905
62 111
30 910
101 655
60 1070
61 485
38 1151
87 844
31 758
95 822
59 742
84 414
52 927
66 341
5 476
23 249
91 739
77 470
62 623
105 582
65 99
82 557
46 234
65 949
107 711
26 650
28 667
95 442
79 847
60 811
52 755
91 620
67 590
43 178
104 818
91 750
55 909
109 1016
120 705
95 159
95 232
89 709
66 529
79 662
72 386
40 927
28 302
69 1032
87 308
80 471
64 339
55 596
52 473
19 500
32 1066
60 945
28 632
37 771
128 708
36 976
975
f49-hd-kp-105-211
100 223
66 236
51 171
60 247
22 112
89 245
52 135
87 116
107 232
54 51
68 238
26 214
68 95
77 154
47 209
105 212
75 74
25 193
32 237
57 71
80 212
67 162
38 123
127 159
82 85
125 31
73 214
40 201
41 120
21 124
108 149
89 81
70 28
33 51
51 213
78 218
118 147
96 52
48 164
104 142
36 180
76 55
77 133
65 128
49 201
68 197
77 224
61 169
30 246
92 132
12 226
14 183
66 196
76 87
73 63
110 61
50 85
128 200
66 49
103 11
28 195
66 204
23 61
24 189
113 87
31 103
30 209
111 12
83 177
56 94
73 207
25 145
83 197
58 58
64 27
55 48
91 179
102 183
120 91
93 190
80 12
78 113
45 89
21 241
122 181
84 90
26 120
70 188
45 86
103 123
57 49
32 104
94 124
33 148
75 234
65 70
36 172
25 181
55 59
26 79
77 166
37 147
123 222
99 65
93 15
211
f50-hd-kp-61-117
102 37
41 7
94 52
63 102
21 20
70 50
115 97
60 74
37 79
49 80
63 95
36 122
29 64
2 31
91 119
57 89
37 75
40 94
45 118
113 23
39 126
71 12
110 30
50 111
109 76
47 54
51 38
15 37
107 40
31 121
121 101
41 110
69 69
109 122
32 48
79 126
76 43
59 14
17 71
46 101
58 113
100 133
80 24
98 72
111 105
94 120
65 9
69 30
108 48
16 102
49 125
89 132
66 23
55 117
34 126
66 131
87 55
110 34
99 43
27 110
63 70
117
f51-hd-kp-93-456
86 554
54 298
33 523
60 345
47 504
85 475
3 254
36 417
23 128
36 553
102 96
96 304
30 462
13 248
6 208
62 128
88 446
9 99
27 142
53 115
102 119
76 415
88 201
120 244
99 237
92 357
80 179
39 100
20 108
97 508
56 90
53 278
74 201
40 296
50 141
86 95
68 411
87 485
20 152
118 201
95 107
89 115
77 142
95 238
88 298
96 412
48 353
88 345
40 137
49 159
28 470
27 202
31 278
88 241
58 430
78 306
5 146
42 269
46 470
57 483
109 147
45 314
61 561
41 477
34 402
41 91
91 486
108 488
53 359
123 267
111 567
91 351
44 419
60 263
96 410
55 227
41 190
68 441
121 134
61 371
88 278
110 262
70 77
37 205
70 373
85 92
39 516
52 193
45 395
99 473
29 272
109 463
35 283
456
f52-hd-kp-121-260
64 206
94 224
37 57
35 281
48 276
116 235
20 92
48 257
60 57
64 258
81 95
100 194
94 250
87 175
94 80
55 189
85 210
34 112
42 185
75 153
83 98
100 177
12 210
40 98
97 24
56 164
115 258
33 275
81 72
36 232
15 42
86 149
70 124
53 127
69 165
92 272
52 87
35 173
100 57
70 172
34 12
85 91
94 270
93 84
88 248
56 276
63 77
43 269
96 105
47 58
82 58
93 224
94 261
22 269
86 60
42 253
75 94
85 95
78 38
55 81
30 165
48 303
82 206
76 107
46 223
44 72
105 232
46 171
45 256
112 202
89 64
79 113
28 180
30 276
27 184
51 265
96 98
85 80
66 34
76 258
98 300
119 239
65 55
72 97
81 274
46 155
84 160
101 280
107 34
101 285
76 116
50 27
90 108
111 127
49 112
84 201
53 242
110 189
86 44
58 98
94 153
42 75
71 290
117 213
87 113
49 245
28 247
74 140
105 113
96 309
22 180
43 144
76 285
103 8
31 59
21 239
71 85
63 166
71 167
51 298
48 81
260
f53-hd-kp-14-138
79 34
16 32
103 36
102 98
102 166
35 85
125 69
59 171
25 111
104 135
58 122
80 128
55 137
59 138
138
f54-hd-kp-23-299
39 333
113 107
82 181
120 297
69 271
88 177
26 313
64 240
38 284
98 119
29 372
109 354
64 295
117 65
79 175
90 98
35 328
70 332
2 243
80 226
32 94
19 223
83 283
299
f55-hd-kp-181-723
57 444
48 273
62 481
95 324
4 129
47 584
68 174
86 690
34 657
94 247
91 721
98 385
31 503
37 494
73 681
55 447
79 240
38 441
60 655
18 172
51 488
50 179
14 174
86 321
48 852
55 645
63 179
66 498
72 523
90 217
44 528
59 748
33 833
82 594
76 252
100 612
44 661
81 421
62 192
56 405
107 693
120 480
35 417
76 680
33 656
68 150
27 368
29 364
112 752
63 497
95 127
78 440
61 392
49 373
62 578
77 240
102 196
78 111
123 589
107 40
25 252
19 415
44 479
76 210
117 157
80 589
9 509
53 515
78 528
71 416
62 866
107 656
68 285
58 328
96 292
99 399
54 523
68 744
67 382
34 321
103 816
52 385
43 796
78 515
33 549
93 139
52 391
73 652
35 833
13 181
93 34
44 303
113 256
65 812
54 574
77 316
55 747
78 228
33 434
73 658
30 769
101 469
107 305
72 310
63 729
24 779
63 835
110 334
52 796
83 325
113 651
68 774
72 670
81 180
48 517
7 661
15 69
21 389
65 594
65 468
41 666
46 710
26 238
72 425
103 442
102 798
80 201
79 640
57 250
53 342
79 203
35 743
38 337
24 296
96 306
29 128
37 374
68 564
29 164
56 492
55 823
66 231
20 247
54 478
66 245
39 794
30 785
86 735
110 764
35 122
40 330
77 684
65 733
81 204
123 607
80 301
68 779
19 699
65 499
73 90
37 384
104 273
62 518
116 693
98 641
28 774
96 208
97 819
100 601
40 289
96 760
34 703
93 238
88 620
24 569
101 331
20 753
65 477
15 757
35 99
33 370
723
f56-hd-kp-138-966
97 935
104 235
57 1105
48 97
114 997
79 856
67 624
90 439
30 504
79 356
104 432
75 685
108 189
70 937
34 1041
119 425
68 504
90 442
16 647
46 504
69 299
98 877
85 798
65 775
54 287
61 375
35 957
114 1112
69 1065
51 661
84 683
22 956
89 652
62 662
108 1216
67 930
79 218
119 925
104 1070
35 740
86 775
96 1072
24 275
92 354
32 183
89 173
27 812
43 235
46 1150
19 902
70 725
46 153
83 857
56 298
24 368
38 989
20 503
84 686
105 789
59 869
56 265
34 386
74 1094
91 152
51 421
31 192
14 854
11 624
108 227
106 244
123 643
38 1042
109 825
15 572
31 133
71 780
8 343
17 540
53 844
21 251
73 697
113 811
95 688
39 514
44 1011
103 435
110 711
62 427
25 369
17 373
4 337
89 216
71 742
47 527
94 512
121 396
77 279
57 1039
2 578
18 935
75 821
57 1158
69 121
63 133
24 934
50 798
104 529
93 479
120 485
83 785
53 230
95 607
23 938
38 1040
42 1010
101 1170
76 552
84 583
99 909
81 863
63 676
33 545
81 368
119 958
20 947
92 110
90 477
89 341
51 432
65 410
78 817
43 928
88 930
16 531
100 507
87 385
23 644
39 269
966
f57-hd-kp-157-701
57 203
57 271
99 533
76 156
16 516
42 265
77 440
79 319
35 464
88 557
117 739
61 600
36 741
44 364
31 587
53 536
85 516
90 385
28 681
124 405
41 275
91 495
76 465
64 694
74 580
58 293
62 502
78 537
67 620
81 746
30 148
59 395
59 346
71 704
31 537
77 310
117 411
87 336
104 811
37 895
37 141
43 229
59 577
81 267
120 331
77 464
41 514
104 472
14 464
51 753
120 211
58 92
63 464
12 429
93 645
42 580
24 318
13 291
9 312
73 670
35 304
123 678
21 437
8 702
70 832
44 204
26 242
102 141
89 661
15 456
39 424
85 337
100 339
83 457
75 322
61 534
28 307
66 168
107 159
65 581
108 185
20 641
78 200
19 189
96 609
98 598
43 662
103 71
32 787
91 747
114 134
45 687
49 163
53 269
77 217
74 770
26 220
29 569
81 62
95 231
53 646
125 441
29 781
89 705
41 195
93 281
64 142
56 742
96 671
96 152
67 576
58 486
78 181
84 545
97 464
124 317
110 116
53 690
87 600
67 674
71 392
109 140
28 747
118 555
89 764
80 320
103 777
44 42
72 764
70 571
92 366
73 330
39 264
21 552
73 530
107 472
96 558
35 404
86 806
104 171
13 157
51 411
100 704
43 262
97 481
124 601
111 720
50 669
93 238
81 523
97 302
48 637
61 214
38 302
49 334
57 572
75 772
701
f58-hd-kp-95-236
44 191
86 182
47 223
55 264
21 100
7 255
48 218
79 252
52 73
85 201
110 47
23 40
45 56
46 127
19 252
105 60
106 202
30 169
100 188
100 185
23 232
69 230
69 140
54 122
51 87
85 234
94 113
102 56
52 231
68 211
55 71
74 207
97 155
91 170
22 290
57 60
72 165
120 196
100 81
94 53
72 138
44 32
72 24
47 86
100 222
35 55
86 107
65 191
99 167
10 64
36 136
57 112
25 92
43 55
83 133
51 231
118 135
98 125
115 83
84 158
109 255
46 135
37 114
23 77
102 165
42 20
80 267
115 82
47 72
56 179
103 79
103 76
52 106
118 45
102 225
53 149
84 277
79 90
108 182
24 147
83 196
80 77
27 139
118 248
29 99
64 175
41 105
112 227
103 230
129 62
60 227
26 190
112 154
73 238
101 245
236
f59-hd-kp-127-443
72 476
63 299
54 394
79 184
42 522
112 124
45 360
68 321
37 276
103 254
73 120
41 463
85 493
60 290
58 311
57 272
72 347
94 386
18 397
123 331
40 342
106 369
105 95
101 155
38 353
67 356
45 252
50 227
38 169
43 426
39 278
75 427
38 369
74 318
63 473
82 211
27 93
54 43
12 174
8 118
116 144
45 352
107 328
88 175
73 352
95 376
23 470
33 201
54 267
82 136
13 181
30 88
110 332
35 178
54 268
92 446
101 374
70 268
106 247
83 162
27 432
70 103
66 217
77 248
73 377
95 100
95 232
13 473
64 200
9 420
62 117
34 116
58 320
44 70
76 233
32 460
90 477
120 507
59 332
71 346
76 207
127 124
31 255
51 131
72 302
75 93
92 174
37 234
82 145
30 287
55 465
31 262
61 142
104 154
33 119
78 393
38 245
125 557
67 171
108 139
124 262
18 219
86 460
70 135
116 141
75 86
56 56
105 119
42 419
59 348
71 249
115 520
81 306
50 298
104 349
31 391
33 359
48 89
72 430
87 474
65 115
57 202
104 524
104 524
70 415
105 428
40 128
443
f60-hd-kp-22-834
67 720
71 664
94 209
76 130
26 959
56 406
85 304
50 824
82 581
122 740
115 911
80 555
68 660
106 940
42 577
110 921
55 797
64 586
66 650
39 414
72 800
68 393
834
f61-hd-kp-87-738
88 379
23 608
102 565
78 856
36 494
126 673
49 944
51 58
66 290
35 59
17 740
30 727
41 254
41 316
4 618
75 753
56 222
71 472
74 230
117 892
37 855
65 732
35 179
89 584
120 448
55 677
55 300
88 646
85 175
54 352
65 590
16 98
96 647
55 870
23 409
48 652
114 488
47 612
32 73
35 467
120 548
89 720
113 224
61 662
20 670
45 852
18 353
53 101
38 918
71 714
100 342
54 352
86 523
101 250
31 285
53 198
100 92
63 822
50 276
48 234
92 866
72 438
85 791
63 786
81 417
116 842
12 391
61 834
35 781
99 498
31 776
87 801
95 847
66 426
74 769
103 403
70 663
43 753
50 259
64 724
39 554
99 396
102 844
17 494
37 235
27 366
41 518
738
f62-hd-kp-66-334
119 313
24 214
76 362
61 154
54 218
14 191
102 12
71 392
45 143
35 326
57 357
88 203
33 301
105 124
19 226
33 379
75 293
52 79
82 252
60 160
66 169
8 323
36 119
51 361
96 362
20 399
75 59
28 330
69 20
112 373
106 199
35 231
92 338
71 107
61 319
96 387
21 336
36 108
28 265
41 361
41 268
97 116
50 318
8 201
95 179
57 230
90 251
64 322
67 306
84 156
47 214
75 129
51 301
109 278
58 322
104 127
14 403
106 78
63 62
68 144
94 108
83 318
126 247
34 85
122 395
48 351
334
f63-hd-kp-34-508
12 222
65 180
80 186
62 291
36 205
53 201
54 250
105 288
27 282
94 285
43 169
38 370
105 540
101 228
39 516
99 314
80 454
73 314
15 151
100 131
10 368
56 266
52 477
120 527
111 592
76 201
61 163
73 361
115 566
96 344
21 527
27 136
38 439
70 161
508
f64-hd-kp-192-548
111 81
22 276
70 133
61 524
84 266
72 219
88 621
69 443
42 384
41 121
98 487
70 621
75 688
97 321
122 533
94 235
35 213
98 94
99 213
50 624
55 552
38 278
106 183
41 254
72 549
68 289
66 223
103 428
92 344
57 183
62 466
88 200
73 195
115 673
123 166
99 354
9 163
81 498
45 360
22 479
99 620
48 201
47 413
112 202
91 546
67 325
34 412
52 668
68 318
50 177
35 282
91 216
56 350
60 228
78 174
8 142
32 178
91 493
20 264
66 214
31 540
59 379
59 333
11 33
40 484
68 422
83 611
106 529
48 578
98 189
42 228
34 347
30 96
90 644
31 405
50 398
46 223
60 543
39 227
114 462
100 456
108 184
66 62
110 247
8 481
20 137
97 608
90 440
21 572
71 186
114 397
56 216
100 180
51 411
104 330
38 173
66 197
73 644
20 149
75 221
72 308
71 192
113 65
101 256
94 147
103 146
91 401
23 202
98 171
65 665
50 64
102 486
31 265
52 238
118 447
48 488
90 297
80 177
30 365
94 591
71 485
71 422
46 169
52 492
90 111
62 214
46 307
41 303
26 365
113 347
102 222
70 292
69 177
16 585
76 194
29 295
121 209
41 152
32 327
69 374
71 435
94 108
52 246
106 304
117 553
65 327
105 172
55 70
34 216
69 257
52 134
50 439
49 496
92 251
126 457
72 161
91 471
28 165
44 312
98 453
41 369
85 260
123 600
74 398
48 639
77 645
114 41
18 128
72 156
103 357
83 495
31 327
39 453
57 354
34 342
58 549
83 378
94 637
69 229
68 214
96 360
45 476
102 473
56 184
72 491
69 215
76 377
13 613
17 25
28 59
51 408
27 248
548
f65-hd-kp-19-89
65 34
32 78
110 66
20 21
120 37
63 101
78 15
83 31
68 106
15 3
59 57
44 41
93 52
115 62
59 80
92 85
106 87
21 42
27 110
89
f66-hd-kp-159-91
78 64
93 104
62 111
40 113
25 57
63 70
106 97
65 52
62 90
78 96
96 88
95 72
49 105
27 74
107 48
122 97
114 91
58 64
78 33
72 49
56 13
93 70
33 52
52 63
65 63
28 26
48 78
120 35
119 66
63 57
11 96
84 89
47 39
93 60
40 35
121 63
35 75
42 8
91 46
34 18
42 91
27 75
57 62
107 76
121 84
57 31
103 45
69 74
114 27
82 69
69 67
119 54
22 20
67 62
39 89
72 67
109 21
40 62
97 62
105 75
93 51
124 53
83 26
59 22
37 20
9 65
77 71
88 93
98 50
36 24
54 42
64 65
66 83
56 60
6 69
68 96
40 20
121 44
107 78
98 40
16 37
103 66
48 86
102 81
100 67
100 53
59 83
16 62
63 44
104 57
73 78
85 52
63 87
45 12
72 64
66 20
83 14
79 62
107 56
62 75
59 57
52 37
59 42
94 110
40 53
30 73
103 43
58 72
95 63
99 67
90 16
11 60
56 85
48 44
22 66
59 22
52 27
18 72
65 22
78 90
42 74
97 72
55 22
27 25
40 34
38 109
68 28
50 65
92 18
61 89
27 46
22 95
79 27
103 61
64 83
55 85
84 51
82 58
20 88
99 61
100 103
44 81
88 76
62 47
25 78
76 91
45 46
91 29
31 50
37 100
119 48
115 37
18 114
108 110
26 97
62 34
80 87
27 39
80 23
91
f67-hd-kp-138-697
116 59
90 227
82 317
87 206
52 169
42 439
79 310
82 356
81 669
120 753
72 535
98 462
33 766
58 469
84 330
70 267
89 337
27 465
96 380
61 694
49 221
40 332
20 716
5 123
52 621
111 764
74 882
84 342
48 434
82 358
71 329
30 212
99 216
68 103
30 259
19 654
30 399
18 554
84 575
31 280
41 141
38 401
66 825
112 535
53 383
69 615
76 408
14 571
117 313
21 365
88 175
67 365
65 389
59 227
28 127
71 408
31 654
32 665
79 569
56 638
50 450
86 505
59 666
116 605
67 274
70 280
34 691
52 458
63 600
108 321
105 271
37 690
54 354
97 642
62 34
122 225
47 209
90 623
5 521
81 391
100 714
54 31
24 485
80 393
31 542
84 690
12 120
34 168
89 314
49 710
88 716
39 142
49 119
17 283
27 704
115 103
73 271
86 676
77 423
83 442
28 859
66 414
84 175
65 276
73 240
57 127
62 556
69 307
87 514
90 881
49 613
41 584
68 236
110 371
55 597
114 338
104 825
46 623
24 409
83 164
25 363
20 500
86 691
82 200
65 145
19 626
91 720
60 634
63 591
58 773
96 500
87 346
23 406
91 443
14 468
86 663
109 414
80 720
697
f68-hd-kp-115-533
103 44
87 361
38 351
70 490
67 47
38 119
67 261
15 492
49 507
19 104
42 471
103 206
80 578
44 390
125 182
82 507
6 125
106 538
60 432
64 264
17 585
53 468
94 480
97 360
91 217
66 532
90 336
51 330
80 666
105 371
81 38
84 592
105 340
33 203
92 307
83 373
110 329
79 214
63 334
81 80
77 252
31 391
29 494
26 434
49 50
75 443
43 466
106 103
57 215
82 483
87 560
61 313
99 100
69 210
94 278
55 596
99 302
31 153
58 537
96 397
123 497
42 536
94 368
66 282
27 531
79 241
67 508
78 391
16 451
58 367
54 385
60 346
34 213
108 126
4 230
27 111
37 559
68 498
8 553
101 148
25 189
45 500
58 98
38 229
10 542
64 155
66 229
50 171
39 389
86 486
64 453
50 446
95 396
28 636
25 400
4 239
35 392
46 195
95 477
82 419
109 462
104 454
16 259
65 121
95 357
25 547
70 429
64 514
15 403
110 209
57 99
87 120
62 445
29 275
39 529
533
f69-hd-kp-66-678
86 482
37 652
79 158
82 481
12 209
71 243
101 322
76 650
115 615
25 174
78 261
51 852
72 432
73 704
29 637
69 416
63 546
99 500
117 660
82 588
108 150
88 494
102 121
119 117
125 620
76 751
91 288
55 228
42 700
16 233
6 117
102 713
42 469
58 589
61 291
109 581
78 353
88 427
82 521
121 342
16 718
72 811
52 398
70 257
92 102
19 547
104 345
113 629
50 620
60 500
18 561
67 712
116 436
53 240
83 445
96 237
33 478
48 711
24 298
123 302
40 587
62 780
45 328
100 193
69 52
92 33
678
f70-hd-kp-114-408
82 206
103 431
76 144
75 112
13 350
50 137
75 316
53 295
50 299
108 415
97 124
38 267
90 278
40 481
95 483
66 245
84 68
99 246
81 147
71 351
19 113
70 382
83 476
90 342
78 353
73 282
31 225
73 357
98 145
59 195
82 481
46 128
107 179
27 405
96 292
61 444
99 405
119 151
87 289
108 138
95 209
94 165
103 118
26 282
21 162
72 175
49 386
26 298
93 127
71 275
80 123
103 160
46 69
10 249
90 196
91 219
86 204
52 193
90 307
40 346
4 73
53 469
88 140
49 476
40 74
56 455
87 145
84 462
56 101
99 164
111 434
89 155
16 330
47 71
103 376
114 270
78 150
91 242
107 372
94 487
97 419
77 64
39 188
12 438
28 116
57 18
93 316
50 413
95 236
18 304
70 159
52 416
15 70
89 88
36 115
35 508
58 63
77 383
114 328
60 148
69 408
84 500
81 221
52 342
107 271
24 448
75 118
78 321
66 246
80 418
51 196
51 385
35 287
107 325
408
f71-hd-kp-13-424
69 35
64 289
49 324
55 270
27 214
47 98
58 144
97 461
44 189
30 374
88 289
75 382
48 479
424
f72-hd-kp-37-291
82 49
75 198
98 125
38 13
62 156
52 195
24 173
117 303
86 316
102 81
71 90
29 156
60 106
57 103
99 215
21 279
54 187
79 195
116 245
113 129
112 203
99 162
83 281
52 286
70 144
101 353
41 216
18 114
116 220
71 116
74 202
41 114
38 70
103 85
95 176
69 341
83 63
291
f73-hd-kp-139-739
13 610
63 479
43 199
72 570
35 74
33 763
83 184
36 767
52 723
104 60
49 149
89 582
99 222
23 597
60 681
88 172
58 148
27 393
96 751
121 817
55 98
80 731
122 388
37 577
77 463
118 730
42 572
97 330
51 189
31 105
25 408
69 885
43 758
90 705
75 660
40 242
107 696
33 395
63 770
96 270
94 420
85 395
97 358
56 577
58 564
97 567
28 360
126 680
76 620
39 701
53 315
70 397
19 182
18 445
92 805
91 484
31 140
108 659
52 110
58 530
16 658
70 358
117 578
58 627
59 506
61 389
84 350
46 205
95 451
33 416
110 371
39 214
57 551
64 718
15 539
58 378
11 867
89 534
38 422
14 681
42 381
41 231
47 790
48 31
90 712
17 731
27 470
27 504
89 543
30 642
119 162
42 398
73 623
29 489
106 598
90 343
122 554
104 392
108 179
64 307
44 837
81 272
7 358
95 515
76 688
111 307
74 298
27 510
105 32
106 435
104 601
38 600
67 860
43 241
17 845
51 536
76 148
17 639
94 425
10 540
47 157
107 842
82 504
28 608
65 594
34 676
39 395
45 315
70 131
121 747
84 851
93 583
29 489
45 635
18 573
112 86
15 591
35 506
32 886
739
f74-hd-kp-24-687
105 374
35 745
77 732
89 208
95 351
110 657
48 271
88 831
39 98
48 598
34 613
58 213
91 435
77 489
33 126
61 307
53 101
80 208
95 541
108 598
87 583
81 401
79 54
11 599
687
f75-hd-kp-195-740
91 444
32 776
99 371
28 750
47 216
40 324
68 784
83 138
57 487
60 705
8 255
111 572
52 410
76 219
96 286
80 733
62 478
24 492
89 622
47 515
80 321
48 670
55 729
44 200
41 335
73 634
80 155
105 656
97 82
4 422
54 469
68 588
58 750
42 323
100 623
63 804
62 675
88 479
61 80
70 306
73 713
109 714
115 251
105 458
52 872
60 223
26 540
71 210
70 791
97 829
98 778
55 590
63 124
16 413
85 181
70 593
91 440
40 592
83 472
98 840
40 422
97 302
106 250
58 859
34 241
107 608
86 769
86 188
37 316
29 492
90 853
67 499
85 621
10 726
117 762
81 723
58 555
73 841
83 215
109 693
44 613
37 571
34 712
43 177
105 356
117 555
37 604
26 696
70 590
50 87
54 396
108 62
17 321
30 272
86 246
32 904
88 74
66 494
36 753
113 804
38 403
29 651
49 243
96 437
109 208
103 730
29 499
69 851
80 91
33 468
56 343
66 84
103 848
57 685
67 639
14 253
41 736
48 637
75 312
36 529
46 552
105 491
76 188
49 671
35 285
26 200
83 542
62 602
32 249
67 407
55 377
63 455
44 672
95 491
44 723
119 336
41 121
55 664
91 508
91 551
38 148
113 555
72 92
81 784
99 755
30 712
97 863
57 348
83 854
38 139
56 152
62 706
40 535
37 842
68 776
71 498
107 446
86 499
22 806
26 300
96 747
111 792
45 388
66 316
99 734
79 648
103 341
102 620
11 898
40 141
21 569
89 167
75 728
31 272
97 205
53 716
71 370
96 653
74 913
52 159
84 347
47 336
87 740
90 272
54 676
69 329
57 157
126 223
63 487
75 750
54 97
84 473
86 528
96 358
50 655
740
f76-hd-kp-26-145
37 60
98 131
110 90
28 46
86 130
100 41
35 50
74 63
81 134
64 145
95 52
18 99
118 99
52 147
16 93
113 132
39 137
48 136
102 79
103 96
42 122
19 153
17 88
87 88
98 47
94 124
145
f77-hd-kp-121-362
10 355
14 332
101 310
98 332
53 83
99 42
57 319
77 120
19 202
51 282
50 296
60 272
74 294
99 87
87 236
91 367
71 300
107 351
82 243
84 301
39 138
81 258
81 192
107 243
41 141
93 177
122 220
110 267
41 115
12 73
23 453
34 352
94 383
77 381
99 305
119 130
93 257
26 133
55 340
94 271
53 222
52 424
113 267
49 291
92 272
44 243
74 235
67 66
39 50
65 84
20 246
71 196
50 338
47 198
58 354
36 224
40 156
97 417
58 4
93 339
45 140
12 226
79 244
46 381
22 46
36 392
121 101
102 295
21 269
53 403
68 318
114 218
67 331
100 245
47 353
38 329
104 268
40 227
78 362
49 102
126 372
48 157
83 340
81 106
87 154
92 123
15 107
80 364
95 422
116 447
34 311
91 267
29 163
98 241
19 158
50 106
91 279
88 102
102 237
56 105
91 77
17 256
112 321
81 255
93 122
79 310
83 307
40 374
103 231
86 380
85 76
88 328
55 406
114 338
100 417
20 172
59 353
32 398
86 93
92 355
66 239
362
f78-hd-kp-37-395
90 262
86 233
69 224
41 450
87 395
65 154
67 139
87 118
43 243
94 85
83 193
105 439
49 283
101 456
81 207
68 292
76 420
54 89
86 175
79 308
57 76
86 416
51 292
73 230
117 397
33 202
56 247
104 378
117 257
36 306
47 53
84 213
39 149
84 141
95 223
62 115
92 225
395
f79-hd-kp-199-681
75 345
48 693
85 248
107 184
73 515
21 295
96 744
68 47
74 382
32 196
57 214
19 377
73 836
91 256
89 585
95 51
82 178
47 666
52 247
110 306
85 272
94 585
74 171
77 622
19 581
43 656
60 254
40 703
17 700
44 462
67 763
13 239
19 468
87 802
55 93
31 457
59 167
96 530
15 297
104 324
28 86
105 433
40 631
47 303
66 623
66 151
118 415
48 431
71 521
95 390
39 175
54 199
4 375
95 36
23 442
105 265
91 256
107 195
52 642
56 487
29 739
47 467
41 117
77 310
66 516
69 553
115 481
66 597
103 462
69 593
107 264
56 597
53 478
87 530
91 184
86 681
115 154
52 529
109 306
83 568
111 174
70 60
99 499
83 254
116 638
112 722
42 632
101 418
69 553
112 117
76 207
101 598
64 393
62 651
67 262
94 604
79 757
22 676
64 396
69 172
101 390
6 342
66 544
121 825
47 276
123 618
80 15
71 76
11 463
37 393
47 90
62 195
4 514
63 181
87 836
80 641
80 130
93 402
74 461
68 360
67 715
25 556
97 437
46 574
104 466
70 380
61 587
34 185
90 510
84 456
39 702
53 525
58 671
97 646
87 521
86 671
68 766
81 707
112 269
26 357
27 357
106 691
16 281
72 708
117 271
21 856
37 111
70 79
109 502
49 616
56 433
118 441
35 153
57 201
45 488
29 111
97 711
94 671
106 323
100 362
89 668
19 560
96 535
43 236
51 719
23 220
59 628
40 371
91 842
97 131
34 198
112 147
103 278
115 258
102 252
48 405
63 344
65 559
16 279
105 274
56 512
30 542
57 79
103 532
29 814
65 516
105 658
30 754
23 506
64 162
68 40
84 434
98 16
14 349
63 685
95 680
88 697
44 182
90 74
681
f80-hd-kp-76-503
58 352
29 204
89 417
36 225
25 240
46 286
107 352
101 518
28 140
58 124
14 473
33 252
39 489
47 471
106 345
36 417
102 112
90 125
91 136
104 326
62 107
63 352
95 363
32 499
64 593
64 551
54 238
55 433
103 257
32 471
61 434
19 82
70 74
57 377
22 181
32 228
71 198
41 537
49 447
77 197
36 292
25 131
65 393
52 341
48 313
46 50
91 472
30 396
105 186
71 265
94 376
83 491
6 388
100 382
86 297
124 267
33 264
56 310
80 174
47 105
45 259
42 495
50 488
59 184
88 165
47 355
62 268
44 87
77 159
55 306
79 498
91 378
101 189
80 213
49 378
24 89
503
f81-hd-kp-196-320
41 108
88 284
29 279
13 328
96 79
46 123
32 297
38 285
99 309
60 389
75 37
39 124
32 181
38 113
99 366
65 268
44 146
47 343
93 350
68 286
71 196
110 171
95 75
85 35
101 298
90 22
102 340
100 242
16 306
84 319
108 177
32 60
40 279
39 342
96 222
68 266
106 133
7 94
62 109
59 214
71 68
19 233
83 176
62 73
112 189
38 307
51 164
19 178
91 50
32 230
52 197
65 287
105 255
61 109
44 130
100 142
50 173
24 342
47 306
107 371
86 269
83 357
80 251
11 172
95 356
89 85
29 174
16 358
61 276
103 376
104 157
30 319
91 220
71 53
27 253
78 301
21 117
22 161
60 139
65 327
101 317
44 256
42 284
44 160
100 213
67 42
100 220
28 93
54 172
100 324
100 381
118 122
103 96
113 100
85 193
88 308
120 313
38 61
69 210
68 328
42 190
90 85
22 45
54 333
84 83
21 30
111 271
128 157
87 298
102 130
87 63
48 278
96 154
87 218
39 130
60 264
97 322
24 290
103 243
87 299
96 256
29 233
106 174
34 368
83 166
11 169
57 270
76 246
86 345
114 278
121 324
22 208
23 20
92 319
46 189
25 143
45 262
49 256
47 321
59 371
45 282
17 102
3 265
34 146
88 203
89 274
29 131
87 250
6 183
29 131
54 234
69 257
37 233
46 92
48 392
28 356
77 35
25 254
29 37
63 157
81 349
23 240
56 251
99 337
104 234
100 202
4 176
41 152
101 289
10 354
120 166
65 102
75 84
63 224
64 347
79 205
28 365
110 162
84 89
67 64
30 255
91 218
100 218
63 358
73 138
47 81
20 335
93 147
31 136
63 316
14 71
74 312
69 296
38 50
21 242
78 135
320
f82-hd-kp-142-446
40 320
115 456
24 361
26 188
105 105
12 113
74 354
37 401
14 150
96 448
113 296
65 332
59 308
102 283
92 312
125 44
103 272
53 417
45 325
74 157
11 144
105 279
62 197
55 96
85 409
122 194
101 224
85 461
46 416
25 52
76 423
23 133
45 493
66 434
6 298
68 338
70 440
4 256
95 356
86 468
54 393
32 334
63 182
32 383
40 480
28 31
70 455
65 161
42 318
98 345
38 41
47 168
92 413
83 52
36 540
29 243
50 273
81 167
54 558
64 178
70 250
61 229
82 272
41 333
44 446
18 140
92 282
56 172
84 113
85 276
30 537
79 439
39 203
45 399
104 242
128 237
43 418
53 237
54 208
30 459
79 388
126 283
110 103
90 70
42 450
68 118
21 205
76 108
63 250
92 13
91 134
52 335
23 298
43 229
68 451
75 370
32 309
56 291
75 269
92 136
72 491
98 321
33 386
84 101
60 309
30 198
21 100
3 146
111 101
20 376
63 453
22 214
82 257
30 270
113 208
24 295
67 183
69 388
23 104
109 190
69 99
72 147
50 328
114 206
19 477
49 162
58 150
25 374
19 294
92 379
109 148
18 369
30 441
63 475
102 482
49 369
97 111
95 253
61 524
90 317
90 470
24 336
446
f83-hd-kp-197-445
64 168
34 448
29 398
35 398
62 442
116 203
60 534
94 132
115 455
57 464
86 176
99 279
66 355
56 184
66 161
58 228
45 455
98 191
14 105
100 298
44 408
87 192
13 571
38 88
97 300
50 224
85 218
76 117
125 525
15 287
116 165
93 335
30 130
110 412
31 103
91 502
22 239
91 67
50 195
52 237
83 413
13 379
48 185
41 62
85 413
23 130
47 277
42 174
91 460
94 554
30 535
14 556
47 224
84 450
33 337
118 389
101 416
99 383
42 186
72 146
112 264
55 508
86 465
60 452
69 83
108 351
38 218
45 252
30 458
78 203
47 326
65 284
91 424
115 180
84 128
27 222
102 442
58 216
95 448
11 441
45 170
49 397
91 396
77 217
83 190
71 423
89 449
22 499
84 45
95 415
98 478
126 281
112 437
48 400
63 293
102 491
119 49
54 405
48 336
67 205
92 66
97 385
36 226
48 119
29 153
90 399
57 288
41 403
69 50
88 194
23 120
43 71
39 485
73 558
59 300
28 359
49 71
30 210
38 119
23 235
82 213
41 470
37 143
100 216
55 467
79 327
59 192
31 282
94 334
103 295
87 53
13 276
53 297
63 322
74 315
19 63
113 418
91 555
41 434
81 212
64 138
29 305
84 182
78 53
60 222
17 172
91 473
45 442
24 186
41 336
112 141
80 442
39 199
18 276
106 475
18 353
63 219
26 509
44 476
126 392
38 212
60 62
65 385
105 308
2 440
83 476
66 375
107 407
104 392
37 351
33 355
53 437
29 129
108 88
24 336
46 428
46 323
113 417
23 482
89 333
21 522
75 146
79 440
30 291
62 275
64 354
51 170
30 501
31 257
68 453
22 247
119 306
55 188
91 516
10 72
58 409
61 242
445
f84-hd-kp-197-898
72 386
57 493
92 352
6 496
89 188
106 112
27 942
81 385
26 400
79 509
22 453
79 866
104 552
22 208
109 373
105 518
120 654
32 343
64 774
34 756
55 228
42 341
82 713
29 806
67 725
104 364
87 932
65 343
28 295
81 232
24 808
25 670
88 361
116 204
70 934
21 334
127 763
31 1076
65 310
100 339
89 329
90 700
67 323
51 681
59 541
42 590
19 474
47 925
90 521
87 416
82 273
79 728
9 495
32 281
62 897
66 389
23 168
22 685
64 480
31 163
110 958
61 324
107 349
40 760
17 579
97 284
28 645
29 314
99 238
30 772
107 716
88 800
42 145
52 229
64 829
24 666
118 842
99 1022
107 649
20 539
79 722
114 904
10 864
70 541
29 400
25 1156
44 290
40 531
61 476
82 974
88 375
96 342
23 932
47 894
47 424
71 286
78 972
32 182
116 707
58 713
84 569
122 965
87 727
71 129
23 771
25 900
60 134
52 353
19 801
49 130
60 568
64 668
102 193
127 528
56 626
52 578
69 402
33 570
23 799
52 935
16 544
82 913
123 971
64 852
118 454
46 672
35 674
121 903
35 283
73 599
23 64
38 1031
93 150
101 442
67 585
93 763
106 806
93 416
45 834
80 241
68 635
52 634
20 141
42 463
64 1017
102 894
111 305
12 538
28 665
80 701
74 705
58 190
118 421
12 490
57 736
31 606
89 236
82 602
94 734
32 612
42 192
92 535
24 893
114 382
58 237
106 499
55 616
47 480
30 578
21 724
43 198
35 294
112 695
58 955
73 867
121 1023
83 409
50 1021
94 342
26 596
23 881
104 508
92 860
47 789
61 958
53 714
38 413
51 1086
108 794
64 187
4 498
54 655
105 711
5 273
20 730
100 1099
99 693
898
f85-hd-kp-105-556
63 585
54 684
22 327
67 279
74 503
70 317
82 295
61 640
105 148
46 366
81 297
60 68
68 573
77 32
102 613
45 323
80 298
22 551
24 412
104 335
8 317
74 567
112 328
78 181
84 83
95 334
66 278
34 160
76 567
76 480
63 328
21 681
46 612
79 242
78 141
59 600
96 257
101 382
31 372
96 226
64 381
100 187
78 287
48 383
62 285
69 560
54 598
95 292
81 603
65 638
20 418
44 611
42 546
111 662
99 413
41 192
18 260
64 437
23 664
30 38
103 123
103 327
102 578
49 389
21 190
39 258
77 444
27 235
18 343
28 538
88 379
26 174
86 177
101 239
43 272
48 122
16 393
123 198
51 550
82 445
31 311
81 534
75 378
104 504
74 237
100 385
63 113
84 73
119 505
82 609
94 350
87 539
99 205
26 386
30 253
104 432
83 502
86 418
63 417
27 211
62 561
24 122
35 61
98 436
78 205
556
f86-hd-kp-137-324
118 288
83 313
23 158
73 341
73 237
44 151
25 150
80 53
61 220
84 375
40 385
102 191
101 69
18 189
42 71
44 137
47 27
122 148
96 145
111 162
51 303
74 228
33 315
81 273
120 226
78 95
97 389
84 248
101 307
47 133
90 275
62 257
93 53
66 284
90 286
64 116
10 320
60 184
72 165
95 241
24 260
70 370
58 292
71 369
64 280
70 318
91 333
56 320
22 383
113 161
37 280
106 315
114 193
71 99
32 120
98 249
111 255
4 158
67 303
56 167
35 380
87 330
66 279
81 90
32 89
118 245
34 187
94 98
78 158
87 75
88 261
44 246
97 303
14 151
28 217
8 201
55 310
59 290
121 205
58 300
17 90
87 232
73 53
62 186
33 250
93 331
71 184
39 369
42 359
57 284
34 332
41 132
117 119
10 265
67 236
115 248
46 320
38 320
47 87
111 326
70 346
53 102
38 345
49 253
42 66
107 320
89 144
115 185
54 221
105 226
44 191
93 255
49 261
84 85
84 227
108 339
72 377
115 110
24 166
62 364
66 148
105 87
50 263
63 184
79 186
10 403
98 111
86 366
23 350
62 268
36 189
103 329
79 282
60 159
40 294
85 322
85 11
324
f87-hd-kp-67-715
90 867
55 591
67 356
38 307
85 718
100 207
43 318
79 224
59 286
36 310
49 579
32 520
96 567
96 309
96 124
122 762
73 567
16 175
75 218
12 445
103 585
60 470
66 732
16 617
30 165
112 823
64 377
101 223
39 467
104 488
88 376
4 756
59 357
69 126
9 648
59 706
33 539
86 484
25 297
101 263
30 211
120 281
56 273
52 494
36 441
73 748
45 701
29 712
80 324
78 481
79 747
77 511
61 405
10 310
65 247
42 606
68 464
21 304
71 106
54 475
48 173
53 645
91 727
89 451
118 823
76 754
71 115
715
f88-hd-kp-96-946
47 871
51 464
26 1124
24 911
27 435
67 638
31 1034
69 355
16 663
95 286
90 108
100 705
123 683
69 1060
77 557
115 842
70 1046
34 747
97 444
95 879
48 945
100 87
22 1099
72 244
105 870
96 229
107 532
16 984
32 226
47 415
87 490
54 307
45 590
97 490
34 706
78 1064
19 806
50 785
40 389
66 727
61 587
90 48
64 658
78 510
101 623
35 599
88 497
37 499
50 921
37 907
32 442
53 735
73 682
96 1042
15 340
103 780
51 277
39 537
42 316
76 144
47 214
117 559
47 882
19 702
56 629
32 1028
56 596
28 781
40 557
15 485
60 341
95 654
80 943
66 847
104 779
74 1063
79 784
21 363
18 49
58 350
108 823
7 252
75 820
27 201
114 173
70 338
61 921
87 811
45 672
104 323
104 346
46 602
82 476
55 955
56 908
48 462
946
f89-hd-kp-10-196
90 159
33 130
22 172
53 229
78 61
90 102
97 54
44 198
59 56
69 133
196
f90-hd-kp-195-501
48 254
54 478
85 612
111 573
38 514
80 361
57 441
104 201
46 427
94 373
99 523
89 72
89 390
93 640
59 137
26 232
52 311
84 543
42 433
56 540
108 345
46 315
80 242
60 48
83 163
111 525
58 529
66 596
43 70
80 437
18 343
34 392
84 120
46 156
29 185
33 137
66 280
52 210
60 49
32 459
34 440
11 233
77 583
112 538
106 334
58 441
98 247
36 165
39 313
104 362
101 331
55 470
96 488
31 478
87 258
58 327
32 119
114 273
63 380
23 180
32 32
36 312
86 249
54 189
67 313
94 307
24 449
88 485
38 311
107 273
33 170
36 368
63 180
49 463
73 413
75 117
71 136
37 199
85 16
19 517
7 307
47 158
81 424
88 217
31 588
39 396
109 251
104 539
26 446
25 134
72 339
61 588
57 187
100 129
44 155
40 355
71 127
100 224
38 93
61 70
68 374
80 357
41 610
41 163
87 569
22 411
102 299
51 427
89 509
76 93
37 369
103 327
26 437
35 199
23 221
25 252
72 302
43 157
107 503
74 523
41 74
72 83
59 58
70 526
35 347
82 236
37 286
55 212
77 354
88 379
93 156
95 322
110 312
26 126
109 522
71 501
11 435
80 136
33 308
36 263
121 535
78 447
50 114
42 303
61 110
89 328
32 202
74 221
100 463
35 35
33 302
112 273
61 272
49 231
99 86
111 407
58 376
41 560
105 67
51 280
49 445
21 589
67 450
54 233
26 571
71 610
84 223
122 386
109 590
125 529
16 83
126 506
76 98
79 345
105 105
81 599
54 290
125 150
83 472
34 385
37 185
58 271
25 459
111 167
61 257
74 470
26 258
109 155
62 311
105 226
105 247
17 449
106 110
56 363
30 487
501
f91-hd-kp-124-137
40 151
22 123
73 22
14 76
115 90
51 31
106 142
70 67
52 101
52 118
26 157
74 25
91 95
30 34
81 124
25 34
72 103
115 106
14 145
72 40
84 86
77 70
40 87
95 50
101 50
58 120
106 106
112 167
80 146
32 146
64 11
44 141
67 72
52 38
65 56
79 78
64 75
59 114
32 61
45 28
33 123
51 113
92 54
27 132
88 91
53 58
52 83
62 20
85 172
70 89
52 58
84 84
33 126
45 23
120 67
36 75
56 124
75 35
92 89
96 141
54 99
37 107
109 96
43 99
51 21
88 104
31 56
99 88
106 40
46 108
63 80
41 62
29 53
30 59
38 127
118 144
32 93
81 27
109 70
111 77
27 117
77 83
73 71
48 22
25 149
67 128
28 68
63 162
72 91
107 48
89 131
56 19
76 131
75 34
73 130
117 67
98 139
112 50
118 84
34 126
105 83
70 102
80 110
48 140
36 119
28 119
82 98
64 68
18 160
70 29
83 93
58 54
111 131
68 10
51 42
53 57
106 47
97 82
30 19
50 59
68 37
96 112
19 136
63 159
137
f92-hd-kp-169-381
73 122
68 157
110 24
88 210
40 56
61 342
54 132
107 92
94 188
87 183
91 286
55 161
79 56
76 129
120 217
74 404
73 424
65 314
56 351
81 66
124 282
120 196
66 275
105 199
59 127
77 456
34 200
46 272
38 223
13 171
114 282
45 164
50 345
97 283
90 408
84 83
90 113
73 164
42 372
99 275
36 248
35 391
84 255
36 315
72 160
90 311
52 400
20 382
47 192
84 157
18 268
35 347
17 211
59 377
66 408
108 377
68 351
98 218
104 365
93 302
26 300
98 125
18 217
59 60
22 364
49 383
86 401
34 211
103 321
57 354
56 180
71 18
28 465
54 138
39 415
84 275
21 414
11 199
77 154
36 157
39 347
1 229
89 397
52 208
30 54
52 408
82 137
66 259
19 391
89 346
99 214
78 440
42 89
73 131
38 328
102 237
87 379
106 225
97 391
73 95
83 281
31 260
105 285
51 155
46 182
21 95
63 87
61 403
115 406
61 262
77 283
64 163
93 324
24 333
87 259
61 312
17 379
63 152
58 281
32 141
10 321
21 227
71 401
81 474
123 89
73 393
94 232
34 305
102 295
50 221
55 239
85 118
39 385
68 158
56 109
107 207
66 260
43 336
48 96
51 367
39 164
89 118
14 238
98 51
112 323
22 339
26 156
98 272
29 458
98 182
78 464
43 349
89 388
100 360
7 391
45 420
52 151
109 156
67 180
94 138
46 95
95 328
40 268
11 204
78 279
86 178
91 242
83 370
91 216
381
f93-hd-kp-104-142
96 62
68 129
27 151
58 90
93 74
86 116
4 137
70 116
62 57
47 151
115 56
84 48
103 15
21 74
17 119
41 110
60 105
72 124
109 42
31 87
31 11
26 20
31 87
90 85
26 51
51 52
50 58
53 49
81 126
2 60
51 36
17 133
104 101
39 120
96 144
86 61
42 149
53 88
39 44
108 55
107 121
98 126
46 78
84 111
100 135
32 56
92 120
18 31
112 56
75 88
108 111
38 122
37 105
57 135
66 142
15 81
44 83
27 93
87 88
90 95
115 65
92 106
70 23
99 108
49 52
72 116
43 129
14 136
85 89
12 74
66 171
52 166
72 143
79 125
106 25
50 59
50 50
105 57
114 140
101 116
76 157
34 105
65 160
56 36
30 45
66 85
70 183
47 93
61 32
14 51
70 53
54 148
123 102
102 84
25 123
38 68
66 71
65 129
68 117
122 161
68 30
116 55
108 74
101 66
142
f94-hd-kp-196-324
47 205
96 130
99 238
76 214
92 372
36 326
55 115
14 165
71 91
52 312
72 314
41 111
23 304
92 285
16 117
73 67
101 304
22 266
44 76
42 101
100 16
77 343
16 194
37 285
106 342
63 145
121 98
60 293
90 124
60 75
19 34
17 47
83 138
113 190
36 322
15 52
18 150
38 385
62 165
99 128
102 107
110 194
66 134
111 203
104 230
93 187
95 155
33 224
62 152
76 86
57 200
111 27
112 259
106 358
78 299
110 281
88 366
113 258
61 323
40 292
70 255
64 81
65 305
75 78
94 200
76 316
78 68
119 138
46 117
79 193
80 86
23 302
57 119
75 285
18 330
99 360
104 309
41 262
89 177
71 342
67 124
102 205
80 275
47 307
61 260
68 90
26 118
39 196
60 346
126 354
48 262
101 298
44 211
70 134
48 289
22 203
18 247
28 373
54 103
83 339
10 211
40 193
74 150
42 189
36 183
105 88
53 133
120 68
87 291
77 346
78 321
26 257
106 201
22 59
98 140
83 184
37 247
79 204
10 288
24 351
67 231
82 70
100 216
69 318
97 168
63 210
87 281
46 84
31 68
77 218
43 119
32 177
25 244
98 214
85 111
20 358
55 108
113 82
90 62
31 81
58 175
71 94
30 154
54 227
5 369
84 361
119 307
63 264
70 158
86 385
66 232
80 251
97 155
112 342
88 335
127 118
38 380
111 380
27 242
93 285
37 276
56 298
28 102
76 205
81 188
51 52
86 91
54 311
93 220
92 255
29 372
82 228
33 401
30 133
47 217
39 272
33 380
11 302
58 259
66 239
43 71
69 230
76 238
77 307
17 185
70 269
33 129
102 311
77 149
75 360
107 113
52 267
94 73
80 117
37 285
27 260
324
f95-hd-kp-54-772
60 845
70 829
74 474
116 541
64 778
32 858
102 783
84 698
108 354
65 440
53 384
50 335
57 716
53 886
72 894
108 626
47 611
87 727
93 494
61 557
57 769
59 104
89 667
48 555
17 710
92 352
69 97
83 617
98 317
67 686
113 562
46 676
126 600
64 538
31 490
70 454
123 634
35 715
82 208
94 474
74 496
70 707
112 448
73 297
48 728
29 514
109 708
92 528
100 238
53 267
102 138
103 488
26 797
103 580
772
f96-hd-kp-84-599
77 428
91 282
43 618
37 405
22 639
93 307
32 404
104 685
30 436
52 364
118 464
55 703
53 566
86 552
25 458
43 664
57 514
54 565
110 294
28 114
69 170
103 212
86 371
108 431
78 529
87 263
122 565
36 526
64 213
108 327
55 32
61 368
83 704
82 513
35 212
33 243
101 219
27 381
58 533
60 452
35 687
92 157
64 243
92 638
71 528
23 495
120 629
15 489
35 127
71 208
104 478
35 543
51 70
70 275
53 626
16 667
63 304
42 369
80 229
42 562
74 267
13 451
66 384
71 351
74 414
25 305
89 31
116 270
39 509
89 303
54 173
75 206
89 386
61 280
43 540
38 616
103 537
61 177
69 355
64 249
59 166
69 511
64 279
125 226
599
f97-hd-kp-55-697
107 208
45 645
14 240
114 546
117 240
114 780
79 227
10 78
76 149
53 102
76 855
116 704
76 200
88 130
38 546
46 282
32 281
99 222
90 250
56 454
17 211
67 416
75 472
46 191
61 204
33 733
91 378
41 620
72 428
70 322
56 346
67 228
115 145
38 500
27 312
31 278
121 135
36 26
78 254
94 344
70 116
36 742
23 364
48 459
83 499
13 118
29 825
39 375
124 173
35 118
61 296
91 240
67 250
87 281
108 864
697
f98-hd-kp-65-422
89 405
17 377
98 451
40 205
31 418
97 408
85 327
37 518
9 281
45 230
110 102
26 272
37 470
44 440
45 326
37 241
9 471
80 211
49 493
104 244
20 286
51 426
56 59
54 115
45 181
71 227
27 260
28 251
86 125
83 312
63 485
94 262
6 257
89 90
51 127
25 156
96 327
114 110
57 154
27 327
57 271
7 491
62 431
29 192
22 428
88 190
45 274
112 243
96 435
63 189
108 115
74 149
15 190
85 138
54 431
108 204
111 184
40 339
111 389
80 363
60 325
78 183
71 447
51 183
101 410
422
f99-hd-kp-15-929
54 296
94 488
96 465
83 368
117 357
84 375
81 406
23 722
50 931
95 645
98 335
71 472
5 568
82 728
44 603
929
