f0-hd-kp-39-231
106 182
120 179
113 323
29 101
58 154
123 96
72 157
125 269
83 160
146 294
56 262
52 226
134 84
109 50
42 89
87 345
45 288
76 214
116 60
61 171
35 126
74 227
39 5
122 256
138 259
38 87
150 371
65 261
94 75
70 144
117 226
93 178
34 283
76 110
49 182
138 292
139 115
69 220
89 116
231
f1-hd-kp-33-356
121 99
76 78
110 349
30 527
122 173
109 519
89 258
93 192
85 558
63 285
98 145
36 513
47 470
68 171
66 440
101 451
32 422
82 77
66 296
113 339
104 49
77 194
26 372
22 59
104 316
99 230
85 216
109 178
122 562
137 261
83 359
82 257
116 210
356
f2-hd-kp-25-265
42 333
74 226
101 267
57 223
101 126
139 433
148 111
90 307
143 216
55 166
58 165
127 278
130 184
96 250
92 86
76 391
82 195
74 238
77 301
97 264
66 253
116 147
23 388
61 317
58 191
265
f3-hd-kp-13-64
105 14
52 63
91 43
24 69
72 47
80 52
63 82
62 69
81 63
78 63
96 62
23 70
84 46
64
f4-hd-kp-37-163
127 117
131 96
142 164
19 124
53 242
84 198
31 133
110 186
37 116
91 180
92 119
134 178
23 135
90 83
142 58
86 98
91 174
82 137
61 148
91 210
96 152
66 147
105 83
89 17
146 144
90 91
81 152
60 112
34 138
64 165
117 243
108 155
110 27
54 95
46 30
120 150
15 26
163
f5-hd-kp-11-218
135 271
114 284
60 74
127 186
22 192
92 152
12 353
79 194
120 212
11 222
63 146
218
f6-hd-kp-47-281
80 254
112 226
160 126
113 403
68 258
138 153
68 328
127 259
136 320
8 92
54 389
96 70
68 400
135 173
94 295
87 366
150 151
100 142
161 343
73 267
152 438
59 159
120 7
107 113
95 69
42 284
141 88
78 162
97 401
75 189
75 351
74 258
145 172
154 320
90 316
119 311
83 370
45 85
72 196
121 57
79 131
92 281
36 83
67 240
117 281
113 119
119 302
281
f7-hd-kp-41-462
108 117
87 613
76 170
61 201
105 196
92 237
146 194
67 229
53 512
109 537
99 560
95 264
157 406
41 499
126 378
75 379
45 613
76 403
29 274
93 71
123 554
143 277
40 228
89 187
65 268
150 247
136 373
144 454
150 235
128 509
50 58
105 294
106 192
99 276
40 442
85 589
67 431
45 350
97 299
104 301
48 517
462
f8-hd-kp-20-499
64 391
43 737
47 91
89 667
36 405
153 487
154 607
145 153
99 653
85 383
108 146
70 365
142 310
49 581
51 367
125 320
119 547
84 554
133 682
108 316
499
f9-hd-kp-40-92
69 133
50 95
118 119
91 57
151 99
138 4
37 92
102 85
72 50
138 70
102 70
99 28
64 125
115 119
76 93
40 66
81 114
116 8
63 131
89 9
45 106
132 67
108 125
94 85
61 69
130 55
149 82
41 103
166 55
63 96
110 126
71 58
89 66
101 55
96 138
78 89
72 64
37 97
63 61
92 97
92
f10-hd-kp-48-56
86 50
83 64
98 45
82 25
94 66
142 42
64 64
71 58
114 43
21 47
138 41
103 77
66 22
37 66
48 20
5 64
82 75
59 67
94 63
80 37
137 35
94 12
156 46
48 39
64 56
61 23
163 34
72 52
74 17
62 80
12 60
52 36
150 61
83 64
37 18
117 60
96 59
111 70
81 66
80 53
70 49
83 47
68 56
57 29
102 63
99 45
121 26
77 34
56
f11-hd-kp-22-105
153 151
119 53
110 96
43 173
102 45
106 24
91 116
58 79
75 117
86 46
99 110
120 106
88 40
13 154
115 86
97 25
85 84
27 88
135 60
122 68
117 132
60 32
105
f12-hd-kp-10-363
49 131
140 170
104 340
70 169
115 388
30 93
133 486
117 451
123 148
70 416
363
f13-hd-kp-22-320
15 323
34 395
65 345
82 231
89 206
126 422
81 173
47 236
131 85
76 77
35 83
116 328
96 121
89 396
109 300
65 486
140 308
120 174
98 122
90 216
110 152
65 325
320
f14-hd-kp-12-253
89 159
37 204
145 108
101 118
147 242
106 167
68 245
85 216
71 107
73 111
102 153
67 242
253
f15-hd-kp-15-376
120 440
71 339
33 396
91 429
66 454
123 303
65 409
58 168
123 444
49 522
118 535
28 454
100 300
83 235
75 224
376
f16-hd-kp-40-468
26 512
34 589
93 464
112 113
63 648
62 561
109 532
92 644
142 561
82 344
91 324
93 431
59 221
74 487
118 544
128 417
71 729
114 347
93 631
15 308
91 427
81 281
81 595
113 548
19 562
105 658
50 452
114 682
56 83
115 86
46 132
78 467
29 272
80 603
64 563
114 408
90 466
52 641
60 438
98 423
468
f17-hd-kp-49-98
124 69
74 103
99 28
70 66
71 95
54 77
76 97
74 145
120 75
19 57
74 132
39 54
30 64
76 110
54 76
84 58
114 115
73 53
110 91
106 110
56 116
83 17
23 70
43 94
144 51
69 22
122 58
119 90
22 90
116 62
154 47
87 85
127 46
29 72
28 109
33 95
44 76
56 73
60 89
50 63
128 36
99 90
21 155
70 99
116 70
143 75
108 60
117 93
40 152
98
f18-hd-kp-39-166
98 158
87 99
80 125
117 96
91 148
32 54
38 132
123 150
69 192
79 126
74 231
91 27
127 99
81 146
102 240
82 104
94 200
147 218
67 96
161 245
82 264
60 51
58 206
82 138
102 96
78 144
114 250
27 127
104 182
19 191
54 69
39 34
71 64
101 196
22 242
81 135
118 228
62 90
142 249
166
f19-hd-kp-45-100
67 63
91 109
112 109
109 125
33 156
89 100
141 66
42 134
90 62
106 84
104 131
59 120
53 45
107 19
98 100
69 34
91 47
90 132
59 107
107 39
98 59
74 105
109 74
47 145
112 117
29 103
51 144
137 112
77 97
83 50
136 65
125 65
88 89
41 64
83 72
97 26
76 77
84 46
139 48
82 128
50 90
146 22
102 134
137 69
126 113
100
f20-hd-kp-18-248
163 86
96 228
130 278
85 269
100 306
39 199
57 187
106 285
80 91
131 163
46 120
159 59
115 300
117 169
96 300
56 326
75 226
77 204
248
f21-hd-kp-43-126
22 124
108 131
52 99
78 151
137 50
64 88
118 89
135 149
135 143
113 24
69 125
147 138
45 154
92 47
130 152
151 170
111 128
29 168
24 113
51 69
142 115
76 63
78 49
108 203
98 185
31 126
82 90
45 113
67 209
127 146
82 85
148 164
37 84
21 78
89 95
114 42
80 155
64 122
58 126
11 95
134 121
87 99
52 70
126
f22-hd-kp-19-327
80 93
129 467
82 86
91 337
82 185
83 193
123 540
55 462
73 93
10 228
48 136
79 184
132 330
34 217
151 233
65 363
20 257
60 224
146 259
327
f23-hd-kp-14-152
17 237
158 155
98 31
110 203
96 79
39 58
37 204
108 47
33 157
36 147
68 144
141 82
30 149
109 45
152
f24-hd-kp-31-259
105 303
53 195
101 254
165 242
88 171
130 264
59 286
106 231
135 237
54 251
98 174
61 184
48 254
48 154
103 316
80 101
96 174
80 217
129 298
97 196
115 228
85 50
64 263
74 239
44 176
35 105
55 385
35 106
39 239
12 288
83 366
259
f25-hd-kp-21-408
21 482
7 420
46 314
36 350
41 373
36 190
94 486
112 128
50 142
75 57
81 296
57 370
95 244
62 223
163 444
122 209
68 414
46 441
23 601
125 371
76 167
408
f26-hd-kp-28-229
53 176
43 199
68 222
76 185
113 120
130 87
39 38
161 11
92 143
104 132
126 217
86 164
95 153
54 247
119 63
29 150
103 289
102 94
62 314
57 328
58 259
10 115
146 163
97 186
56 115
77 339
78 186
104 168
229
f27-hd-kp-49-210
150 283
87 110
148 69
121 263
146 298
109 162
100 107
95 296
106 316
98 156
157 180
122 145
77 185
42 281
96 196
56 60
132 167
9 113
18 185
74 125
111 63
124 190
48 200
82 104
72 283
62 151
46 89
59 148
42 245
128 145
161 10
52 81
123 185
119 141
78 100
87 176
142 240
123 187
55 258
48 42
57 263
119 150
105 199
57 232
85 46
26 121
66 124
124 337
106 110
210
f28-hd-kp-36-408
64 260
86 428
110 203
110 488
93 456
75 438
112 231
121 564
110 560
122 311
138 379
27 525
77 230
126 233
54 607
34 191
77 470
92 98
18 562
17 84
67 383
131 333
24 248
83 407
92 471
39 470
77 526
49 378
62 579
59 392
77 87
47 188
108 418
57 343
86 382
123 235
408
f29-hd-kp-29-335
92 438
91 137
78 446
118 206
63 362
96 421
70 469
96 368
108 128
58 363
45 12
118 460
105 227
64 213
156 295
103 126
153 413
46 419
132 194
138 503
81 265
67 337
163 269
116 374
14 213
93 409
92 134
51 292
81 355
335
f30-hd-kp-24-446
114 375
128 179
102 255
62 348
143 433
133 129
41 702
81 267
32 464
32 308
100 505
101 218
65 406
125 505
112 558
108 281
89 435
50 619
60 289
60 459
61 495
75 194
95 377
66 591
446
f31-hd-kp-20-392
44 506
128 250
122 319
58 590
53 244
105 397
40 509
126 297
28 468
73 478
99 364
7 243
99 251
115 348
101 340
112 329
133 409
72 582
130 315
93 169
392
f32-hd-kp-10-339
74 300
42 279
81 364
101 187
102 273
80 393
48 200
25 174
94 209
121 324
339
f33-hd-kp-26-281
153 393
90 112
40 91
154 263
111 74
51 290
69 291
53 219
93 269
90 268
40 247
14 233
65 206
73 61
76 273
14 152
76 398
131 266
115 207
115 314
80 262
105 195
150 311
81 432
62 130
72 330
281
f34-hd-kp-25-106
65 114
80 154
44 98
14 150
43 107
41 85
134 100
108 115
63 91
59 29
116 161
33 73
67 59
140 68
101 28
109 97
78 90
30 115
107 42
97 98
42 51
131 64
118 110
32 23
113 57
106
f35-hd-kp-15-311
103 306
55 108
129 189
141 346
62 436
116 189
47 127
102 326
101 234
106 446
43 329
118 179
51 153
35 241
49 288
311
f36-hd-kp-13-495
38 164
149 443
42 447
101 424
89 526
36 444
30 568
55 19
117 505
25 411
21 462
124 654
85 282
495
f37-hd-kp-18-433
103 95
42 554
154 57
111 555
29 441
27 180
88 517
114 401
124 590
41 480
87 236
79 380
12 268
88 423
131 523
51 578
88 240
56 288
433
f38-hd-kp-43-462
113 221
106 586
97 274
158 353
83 545
102 213
19 340
62 28
15 312
100 479
55 189
86 695
143 269
40 186
64 27
68 242
103 407
75 407
68 489
144 575
131 612
119 201
76 407
128 377
128 150
42 418
31 593
55 463
90 468
64 287
33 399
103 222
69 276
56 614
30 370
107 293
124 143
102 476
104 205
109 441
29 578
114 28
120 208
462
f39-hd-kp-32-424
104 484
37 273
83 250
35 313
93 467
31 484
91 234
101 211
57 357
88 215
102 575
52 334
12 500
68 556
104 424
54 388
81 383
105 490
64 259
132 489
129 321
156 398
115 240
39 176
87 481
142 42
18 277
54 40
72 70
69 298
103 264
143 452
424
f40-hd-kp-11-281
23 282
53 267
79 386
136 198
134 147
122 441
74 258
96 441
52 360
57 131
84 50
281
f41-hd-kp-29-337
159 516
51 428
134 496
37 123
83 555
79 260
102 167
142 431
63 373
93 238
88 140
133 195
79 369
87 404
156 378
96 317
80 107
111 236
53 464
103 137
44 157
25 87
66 238
115 432
87 278
94 300
112 445
146 107
100 290
337
f42-hd-kp-39-481
14 443
166 288
77 522
62 399
162 178
68 585
28 147
65 485
159 212
45 464
118 736
35 323
150 421
50 367
57 335
17 381
70 497
83 164
91 296
85 526
104 386
104 404
79 711
83 244
24 375
135 673
104 204
146 631
69 387
66 468
114 577
155 205
99 428
163 243
73 612
76 491
83 158
64 533
67 415
481
f43-hd-kp-27-184
110 212
48 193
113 108
100 182
90 218
94 56
36 40
63 181
93 243
93 102
39 144
31 276
63 101
115 96
157 119
83 9
94 87
40 123
96 93
67 54
144 112
35 148
38 154
19 47
115 153
26 228
107 55
184
f44-hd-kp-40-204
131 102
34 314
78 161
148 191
111 198
63 233
21 300
100 295
108 214
82 312
81 251
120 67
60 189
137 178
138 268
102 24
108 84
9 152
67 193
50 67
61 45
53 127
102 204
130 162
26 178
76 203
76 169
103 228
59 149
123 231
105 270
47 173
94 236
144 201
60 100
111 184
143 138
93 168
63 146
131 144
204
f45-hd-kp-49-58
105 39
37 29
62 19
69 23
117 53
157 29
65 19
73 22
84 44
135 70
163 41
30 60
68 47
99 10
76 47
98 59
73 44
66 37
78 63
53 43
54 24
136 53
59 62
76 56
64 4
94 47
138 48
37 55
123 53
75 67
12 33
145 65
55 68
91 35
64 45
112 39
129 55
25 32
48 46
56 29
140 77
29 77
49 57
77 29
133 41
122 46
43 39
93 44
160 51
58
f46-hd-kp-37-161
74 131
48 151
132 118
121 210
34 163
124 55
95 244
65 202
54 161
146 138
100 116
35 162
106 119
79 161
100 143
106 218
132 164
87 166
43 196
34 185
42 98
136 120
61 91
67 212
127 163
18 92
96 113
69 154
160 225
58 72
42 219
63 139
30 171
75 147
68 214
89 41
131 173
161
f47-hd-kp-10-58
121 68
71 24
36 67
25 55
159 35
56 41
77 35
122 82
54 46
90 35
58
f48-hd-kp-48-294
124 278
124 251
65 207
69 274
118 154
91 93
122 321
75 132
134 302
132 364
62 213
91 84
83 206
73 296
70 271
29 435
61 190
147 273
56 240
134 442
37 335
78 123
74 122
96 166
76 368
68 149
29 364
113 394
99 272
80 322
118 206
105 213
47 225
133 128
40 53
16 409
87 261
50 131
143 425
99 174
52 191
69 237
76 366
63 229
34 146
49 99
89 210
86 235
294
f49-hd-kp-26-70
150 59
101 53
117 91
60 77
9 93
53 34
87 113
65 47
125 61
84 67
28 42
133 45
100 50
44 103
19 47
90 33
118 23
65 50
113 13
35 44
59 103
93 74
109 68
71 42
99 50
159 58
70
f50-hd-kp-23-418
47 387
68 280
89 318
37 273
151 97
102 343
110 457
77 336
91 329
64 263
29 168
117 512
47 187
113 317
70 538
145 339
69 337
66 404
29 447
81 177
84 367
132 326
74 491
418
f51-hd-kp-22-184
68 201
81 126
71 282
129 90
119 235
117 241
136 148
69 126
106 95
71 82
97 258
8 257
86 113
27 226
104 280
33 203
46 68
128 221
112 70
105 204
75 169
13 214
184
f52-hd-kp-10-125
87 57
128 54
66 141
89 68
74 35
7 117
83 136
99 44
91 130
99 52
125
f53-hd-kp-23-115
68 39
104 65
116 94
35 54
93 26
127 80
124 48
104 137
46 114
123 90
102 109
37 90
36 120
119 63
127 118
55 144
109 177
92 112
43 181
150 59
114 129
106 26
70 106
115
f54-hd-kp-18-204
89 150
98 103
92 93
54 160
75 153
60 267
101 179
74 85
58 186
66 205
114 147
9 133
93 191
94 161
126 275
143 213
76 72
52 302
204
f55-hd-kp-12-477
106 667
107 260
68 413
92 188
85 297
90 422
128 383
45 573
74 598
82 506
112 618
97 304
477
f56-hd-kp-22-395
97 214
58 271
115 347
110 324
141 637
115 396
28 37
61 255
58 250
65 342
134 504
73 250
92 375
76 243
68 367
110 543
117 546
92 447
79 103
130 54
150 69
72 286
395
f57-hd-kp-39-432
90 674
94 416
59 342
90 205
37 93
147 643
78 141
106 352
112 155
118 125
68 279
107 272
85 428
80 301
130 361
55 575
142 185
66 130
117 372
45 577
85 338
67 324
100 460
127 486
133 60
100 560
121 382
82 680
76 402
102 279
57 217
68 348
104 281
72 458
78 515
115 161
27 79
105 200
157 338
432
f58-hd-kp-42-83
95 82
66 59
109 82
119 69
98 69
72 115
124 89
91 113
38 41
111 71
104 77
52 69
112 32
54 118
63 13
31 33
33 118
64 26
77 60
65 56
54 21
138 68
106 77
92 125
53 100
71 80
144 35
159 34
40 77
151 112
139 100
55 41
113 33
54 16
91 118
70 127
78 73
30 67
86 122
77 95
103 47
87 93
83
f59-hd-kp-29-123
40 144
86 179
50 78
65 75
39 51
123 96
55 190
29 88
116 89
30 92
26 54
133 90
88 74
88 97
42 93
143 65
63 70
110 126
49 130
62 131
47 168
46 96
95 72
33 174
60 71
71 14
94 57
54 84
69 162
123
f60-hd-kp-25-142
111 73
47 140
86 58
31 186
159 112
113 121
67 134
95 218
87 231
68 68
115 85
50 44
112 125
74 53
106 11
73 66
50 111
153 148
70 68
20 8
101 159
59 124
115 205
41 107
105 136
142
f61-hd-kp-38-79
146 48
73 31
50 92
54 65
126 19
124 128
103 40
31 72
52 59
81 107
59 20
67 102
27 77
62 36
130 83
101 44
45 87
145 47
74 38
106 37
154 28
143 68
127 63
114 38
103 100
102 99
69 67
74 57
136 87
70 115
100 51
83 38
95 16
105 25
67 49
32 118
47 77
135 114
79
f62-hd-kp-22-53
27 14
127 82
83 40
86 61
100 30
41 42
111 40
78 67
37 13
111 77
101 80
76 70
55 33
7 45
126 57
136 86
135 88
89 63
126 41
59 68
125 63
99 61
53
f63-hd-kp-43-486
135 405
98 636
81 445
82 611
117 669
42 452
40 340
31 564
41 137
21 598
9 186
113 689
66 412
101 238
111 733
98 127
102 633
145 488
82 328
139 711
50 272
87 190
102 681
37 397
44 631
131 308
72 163
57 370
109 375
32 121
81 259
93 296
85 407
19 349
77 213
65 338
42 625
141 736
113 162
62 481
79 592
108 599
69 278
486
f64-hd-kp-41-173
63 126
68 169
125 105
137 180
42 190
139 78
97 146
100 174
123 138
28 182
68 207
78 105
86 115
81 141
134 204
40 129
88 126
141 94
45 77
110 118
116 220
89 138
99 102
16 71
58 192
124 218
67 30
131 219
152 54
28 179
63 37
125 66
98 248
104 181
96 81
94 176
91 52
39 125
93 238
99 202
79 194
173
f65-hd-kp-44-375
107 241
78 303
105 312
104 465
83 350
65 174
13 407
90 557
51 235
62 187
110 154
123 80
133 195
46 424
53 438
92 527
106 141
81 412
150 260
143 229
101 627
143 369
95 417
66 232
11 213
58 165
84 308
157 149
133 264
69 244
145 272
142 472
124 563
106 299
93 146
123 430
22 387
90 399
33 305
111 364
141 400
54 355
130 219
111 512
375
f66-hd-kp-50-394
17 208
82 283
90 135
79 299
71 537
140 613
65 550
47 134
109 394
91 382
109 466
65 145
43 485
63 396
74 415
41 332
84 286
55 403
43 558
36 287
116 627
29 323
48 562
11 555
135 374
79 115
31 257
36 452
78 139
35 556
38 417
110 489
121 629
112 160
79 125
155 543
54 390
78 366
32 466
131 345
46 422
135 519
68 405
50 119
132 197
23 314
119 313
97 413
85 366
160 232
394
f67-hd-kp-19-168
102 227
76 168
28 270
119 229
82 142
15 177
129 77
104 110
36 114
144 116
111 188
64 213
88 212
59 140
65 212
126 182
156 136
42 191
59 194
168
f68-hd-kp-33-499
106 392
62 220
111 370
70 113
157 424
51 239
117 472
76 484
121 365
101 240
119 235
44 399
68 661
88 407
91 73
57 292
95 652
86 724
83 252
66 486
60 347
16 477
157 305
117 780
31 535
65 214
149 195
158 371
64 557
147 304
81 290
62 422
61 263
499
f69-hd-kp-26-476
109 117
126 509
102 508
75 115
112 692
109 422
44 535
112 71
86 178
120 463
101 574
114 679
129 662
39 474
150 511
152 600
48 460
81 593
153 411
108 130
133 317
69 14
8 453
62 308
59 406
40 366
476
f70-hd-kp-46-421
91 156
115 547
126 567
95 383
87 548
118 680
78 626
147 323
127 399
91 501
89 373
43 180
96 390
118 462
34 420
85 515
126 612
59 275
83 209
100 466
68 451
107 388
81 402
116 338
71 113
135 255
65 318
133 495
164 107
104 422
112 284
60 323
63 281
81 424
71 451
56 421
67 88
90 467
89 191
61 398
72 671
43 74
101 578
103 266
117 500
117 475
421
f71-hd-kp-18-418
37 114
72 211
61 162
71 495
83 265
107 322
52 562
42 343
28 251
71 490
79 68
56 520
59 306
114 203
61 186
35 223
43 475
166 180
418
f72-hd-kp-39-173
64 273
25 161
134 48
92 18
76 194
79 41
76 281
112 232
88 139
101 140
116 171
63 261
96 137
132 142
53 113
151 152
127 92
94 93
105 194
104 40
28 180
118 182
79 138
78 184
158 170
67 77
59 30
61 178
91 146
82 73
92 183
95 150
118 124
110 145
31 243
123 189
19 106
102 159
53 201
173
f73-hd-kp-43-233
95 162
121 379
60 101
101 227
59 57
118 106
61 258
93 217
88 164
78 44
139 73
80 178
129 291
88 145
71 247
24 177
63 22
160 193
89 201
74 238
78 17
51 378
40 103
62 281
32 116
104 258
47 279
115 178
72 234
136 201
103 123
88 192
63 136
150 127
60 132
76 199
57 297
109 227
109 270
110 155
47 186
17 287
145 93
233
f74-hd-kp-44-206
14 124
31 148
56 161
62 231
123 175
98 159
105 193
22 225
102 330
127 202
91 241
116 124
118 72
106 87
64 230
119 280
146 199
140 269
48 159
85 218
10 219
81 236
64 248
93 126
49 101
135 331
144 105
51 60
112 116
118 241
93 126
108 178
111 232
87 116
105 295
78 23
142 131
97 165
60 284
103 63
104 262
33 204
87 92
23 123
206
f75-hd-kp-49-156
88 121
77 104
144 108
74 216
40 240
81 84
74 109
37 221
31 118
63 109
107 73
76 81
57 128
160 34
74 254
109 97
74 175
24 164
110 193
49 112
34 183
124 104
113 40
120 54
139 160
68 88
103 218
70 132
73 151
61 48
7 121
128 143
96 88
64 72
98 161
69 136
42 177
41 95
127 147
102 196
67 98
136 129
160 153
80 52
59 64
60 57
86 161
116 179
93 152
156
f76-hd-kp-25-123
49 98
49 100
86 56
101 81
112 147
67 45
145 149
85 60
112 117
64 72
140 107
151 131
29 67
85 170
64 118
13 129
148 115
33 51
40 100
82 156
91 113
114 136
42 123
89 75
156 91
123
f77-hd-kp-36-253
74 175
19 287
96 106
118 355
58 239
74 132
124 63
112 158
68 375
88 246
97 296
148 208
90 185
95 146
88 144
43 250
47 189
29 358
70 248
39 131
139 312
79 222
129 133
74 332
114 114
67 119
116 239
103 71
128 166
85 222
112 190
84 309
93 41
20 255
93 171
57 361
253
f78-hd-kp-34-131
84 124
44 103
116 192
29 172
30 132
85 157
139 91
125 111
42 19
61 29
107 60
93 118
107 96
62 115
40 179
86 102
7 152
87 38
76 72
87 171
94 55
69 150
89 148
146 165
106 39
8 85
26 126
96 80
74 122
144 32
83 158
117 69
38 112
88 154
131
f79-hd-kp-21-53
71 57
76 33
90 36
139 22
65 85
137 62
80 52
128 55
80 12
16 35
78 41
39 31
101 73
114 42
156 54
95 36
16 42
98 23
83 57
153 43
95 13
53
f80-hd-kp-16-132
68 83
98 69
62 104
114 95
61 107
96 86
73 216
64 72
100 163
122 37
103 154
118 106
98 10
148 192
66 108
76 71
132
f81-hd-kp-18-437
115 684
137 308
32 330
104 450
127 410
68 497
104 701
108 526
26 147
112 132
136 395
117 367
63 258
65 504
136 672
75 283
63 426
148 341
437
f82-hd-kp-23-456
31 344
13 301
61 225
123 586
118 243
28 597
120 317
153 429
89 188
68 299
81 559
95 547
108 533
132 181
103 186
108 346
19 276
124 607
83 294
55 502
102 552
52 198
1 533
456
f83-hd-kp-14-465
59 480
143 452
93 507
112 296
125 667
153 588
106 522
67 158
64 428
9 153
86 457
87 98
99 587
118 390
465
f84-hd-kp-44-189
107 64
74 86
83 244
134 206
96 148
150 42
85 205
40 80
124 113
84 193
61 35
84 129
64 122
122 243
40 308
134 61
118 162
49 60
93 249
30 229
112 167
92 3
108 190
45 169
78 185
58 63
135 52
71 303
123 120
59 78
78 209
75 226
112 185
61 260
73 289
126 278
64 43
32 264
71 98
106 181
33 126
111 247
75 148
66 188
189
f85-hd-kp-46-223
97 129
99 250
82 310
111 103
86 198
117 272
43 188
111 93
104 74
17 109
127 330
117 181
80 144
88 71
100 147
95 177
112 168
58 105
102 120
45 279
55 258
91 138
95 350
78 167
74 239
162 241
135 187
70 329
72 129
47 263
64 344
147 239
113 195
103 103
17 300
129 350
58 116
58 284
73 161
99 94
69 185
140 178
30 114
58 143
131 170
161 307
223
f86-hd-kp-20-184
100 93
81 221
76 134
93 75
91 195
14 122
101 98
61 266
114 127
83 187
89 143
96 201
73 146
32 90
125 89
95 180
80 284
131 162
108 162
46 88
184
f87-hd-kp-49-190
144 99
114 89
79 91
140 264
26 183
85 109
16 224
99 101
83 134
68 264
48 241
125 68
36 86
37 247
11 96
96 117
73 47
48 197
81 72
99 110
26 152
61 153
34 97
78 129
111 226
95 198
107 122
36 144
45 172
48 275
89 176
63 196
133 140
116 79
63 245
24 120
77 145
80 207
151 96
72 227
124 200
70 226
49 136
129 92
98 186
79 257
99 121
79 252
64 55
190
f88-hd-kp-11-220
117 73
98 157
118 219
68 286
40 322
50 59
91 297
97 147
43 149
80 167
24 109
220
f89-hd-kp-49-256
59 136
100 242
89 316
164 266
81 87
110 195
119 280
86 301
125 270
99 149
164 214
143 244
62 361
100 161
73 112
39 216
97 161
89 148
104 343
146 109
82 163
74 240
103 392
56 223
60 146
163 247
101 300
112 257
91 175
21 191
48 168
38 274
97 101
93 182
108 171
96 409
35 94
16 237
14 106
105 258
76 268
77 281
26 187
69 250
82 273
105 201
126 143
113 162
86 221
256
f90-hd-kp-17-398
139 208
101 450
96 239
110 398
149 152
63 216
68 634
102 95
55 422
113 313
90 492
96 549
62 188
113 247
131 364
79 453
37 148
398
f91-hd-kp-17-340
103 79
75 323
93 397
76 550
145 344
114 173
100 309
96 152
120 315
95 367
96 132
100 439
56 248
62 138
116 279
129 324
149 443
340
f92-hd-kp-12-452
37 406
5 408
89 145
126 567
38 437
93 223
61 254
64 603
113 701
118 612
128 349
19 278
452
f93-hd-kp-19-98
106 72
62 101
120 71
39 105
111 20
71 73
63 133
143 74
117 145
63 112
59 132
123 30
115 127
132 26
153 51
59 143
47 152
135 70
119 63
98
f94-hd-kp-31-451
91 261
144 247
83 217
71 616
122 436
91 78
30 286
44 520
73 420
63 219
32 431
93 396
76 298
86 338
76 356
49 478
153 502
2 220
149 313
43 315
81 283
69 546
89 394
45 200
50 329
109 667
131 547
116 649
43 232
48 516
128 360
451
f95-hd-kp-39-158
108 71
134 179
95 234
82 125
44 122
54 169
37 136
157 117
90 180
69 171
29 131
91 198
74 90
125 88
93 101
90 30
112 109
59 102
97 187
78 191
109 133
63 129
63 105
119 88
32 173
83 179
72 212
85 158
101 189
105 130
127 155
87 138
124 211
21 155
75 218
157 139
62 122
90 113
86 163
158
f96-hd-kp-26-324
73 403
61 221
114 357
147 128
46 308
31 252
65 315
98 307
113 184
140 261
143 335
148 390
62 276
128 255
64 296
90 172
56 279
14 229
12 290
43 204
59 347
77 75
96 292
78 283
88 283
86 233
324
f97-hd-kp-41-460
71 267
118 495
113 397
116 680
129 190
71 216
131 494
88 363
56 334
91 146
86 278
30 624
96 382
46 470
134 179
112 374
68 356
71 371
134 304
75 642
137 290
100 536
140 487
58 479
124 413
120 418
109 181
76 118
23 241
95 254
76 322
103 530
138 291
72 244
114 715
131 636
114 261
80 477
27 560
59 594
137 521
460
f98-hd-kp-30-58
72 56
69 10
54 62
92 16
92 17
76 51
137 33
113 47
115 89
49 36
61 49
96 33
66 78
21 36
166 45
141 65
55 30
119 23
120 83
149 87
100 74
112 63
119 75
117 68
91 45
85 61
60 82
127 77
33 73
79 45
58
f99-hd-kp-46-143
74 198
147 116
63 170
104 232
28 111
129 188
77 120
60 182
117 153
50 149
110 110
150 66
152 204
93 117
90 127
126 178
24 154
67 78
69 150
132 30
80 155
71 161
119 154
103 107
70 152
17 74
101 83
105 118
117 88
86 225
138 185
86 80
89 16
124 214
114 206
69 88
155 145
123 34
74 58
40 118
49 151
72 75
29 71
85 165
68 108
74 154
143
