f0-ld-kp-26-854
55 584
38 350
32 109
95 166
45 441
11 738
67 481
49 670
36 473
10 705
68 389
41 1
7 511
62 504
80 660
56 459
71 659
8 482
77 86
11 537
76 803
60 508
60 716
79 836
72 732
26 29
854
f1-ld-kp-165-637
70 285
55 200
40 207
63 615
31 315
36 395
82 3
3 354
71 624
82 152
51 27
25 560
87 635
68 189
57 263
37 568
82 259
63 452
30 72
42 131
38 322
66 295
93 20
34 378
98 470
87 126
89 253
47 120
90 117
85 574
33 324
16 594
90 415
32 495
11 324
86 540
87 324
10 98
68 384
33 496
17 571
29 45
31 636
88 116
29 344
45 176
20 634
20 592
96 480
82 237
18 70
61 102
90 330
100 269
55 278
61 551
70 565
55 566
71 34
94 115
64 108
72 230
83 50
9 146
6 176
75 90
93 292
50 529
5 191
78 44
76 236
98 630
72 50
72 391
53 418
70 312
49 217
16 444
48 353
26 281
93 397
99 281
29 438
51 311
12 90
43 496
60 341
57 283
73 314
10 307
36 356
6 182
29 431
50 293
18 9
5 380
67 294
25 77
66 7
97 172
8 323
83 445
61 541
95 100
82 453
42 44
81 477
39 240
73 385
56 356
40 115
64 524
97 359
99 177
81 499
32 87
91 215
42 266
72 183
39 625
41 455
3 301
48 318
63 513
71 555
94 254
14 503
28 458
7 14
63 119
24 572
22 337
49 442
69 363
23 83
78 329
88 523
36 515
100 595
3 102
47 552
34 319
8 316
98 297
8 304
73 316
13 525
29 627
67 591
62 86
61 32
65 545
84 495
24 302
14 48
18 534
89 99
66 77
81 460
12 138
1 138
41 362
46 606
14 594
19 292
637
f2-ld-kp-180-771
33 523
57 618
92 167
32 604
9 297
65 162
14 708
59 594
41 608
66 621
99 477
66 528
24 649
46 190
52 401
64 298
39 169
15 290
50 602
45 72
71 376
46 246
18 668
86 391
36 374
26 137
95 612
57 168
40 270
41 684
45 400
2 515
51 197
71 539
30 554
1 642
36 663
27 473
83 319
23 741
66 43
52 464
68 403
89 62
69 267
86 471
76 85
91 210
66 176
25 14
62 542
92 30
18 373
85 218
21 181
39 91
67 301
62 222
94 704
6 326
47 579
10 78
89 531
20 141
74 526
19 522
75 699
15 185
64 38
69 187
40 415
14 627
49 552
17 290
93 471
50 553
63 106
93 719
39 523
4 461
53 631
88 172
100 423
21 577
84 341
9 35
82 247
41 468
97 542
55 702
41 494
57 359
11 764
6 398
53 755
94 141
73 691
80 751
77 518
45 354
55 535
78 613
85 441
13 593
1 238
63 716
76 158
60 661
13 269
25 663
96 702
24 311
36 483
1 154
7 371
56 232
62 35
69 644
18 94
78 273
51 64
20 605
7 199
89 757
81 329
26 495
21 356
92 648
47 565
1 451
77 494
25 453
12 238
30 627
83 353
70 735
80 620
89 280
94 708
50 527
7 163
97 275
69 443
87 727
47 212
71 125
63 467
18 663
56 80
1 94
21 526
26 352
33 222
65 574
7 17
33 273
95 320
41 88
17 2
10 730
2 405
47 551
41 302
74 117
37 622
73 188
55 77
77 161
33 641
64 218
60 566
42 71
4 373
44 25
53 449
63 619
89 171
31 459
59 308
53 519
771
f3-ld-kp-23-326
47 121
46 23
7 17
20 304
25 37
95 28
58 258
21 318
49 176
11 321
37 58
63 270
26 2
16 10
73 105
33 261
47 318
97 51
95 53
38 109
7 146
98 235
48 158
326
f4-ld-kp-27-465
63 11
91 1
76 443
62 317
3 119
97 366
63 386
15 332
79 162
50 110
16 413
60 445
47 334
15 73
63 303
35 152
37 324
61 122
67 346
69 55
88 173
40 286
38 48
46 321
80 255
85 123
2 399
465
f5-ld-kp-165-248
72 107
66 215
20 248
53 223
10 110
23 61
97 188
78 176
69 55
87 63
83 237
94 196
12 230
23 147
21 195
86 135
39 70
29 37
33 221
54 181
4 201
82 244
38 3
58 208
8 1
48 37
97 110
18 173
8 112
100 232
14 74
28 36
82 115
5 73
28 91
83 167
88 143
8 166
30 100
57 175
27 215
39 35
24 101
51 9
43 26
27 90
34 154
65 15
24 215
16 210
43 51
55 196
85 173
72 185
13 196
12 225
1 150
32 85
74 167
76 241
69 220
30 126
42 210
54 167
31 21
88 9
66 219
91 152
43 196
45 223
78 193
33 119
3 130
10 113
25 179
70 159
52 75
97 12
78 212
100 225
25 219
62 50
90 33
86 226
66 197
97 222
50 52
54 127
32 85
5 42
9 55
89 242
84 91
99 129
14 215
47 16
91 21
87 188
80 60
70 142
92 171
53 4
96 36
4 106
69 59
73 211
7 2
22 18
94 126
71 49
26 241
40 112
23 69
47 225
18 100
94 188
28 211
52 115
16 236
24 47
97 133
99 98
32 24
30 154
90 133
11 68
45 181
54 171
87 237
88 163
20 97
59 169
82 42
92 22
78 102
53 67
17 203
59 101
19 1
99 240
55 236
76 119
20 63
54 229
92 143
49 227
60 55
62 118
21 229
57 40
57 171
10 84
49 185
10 242
85 195
94 23
9 64
29 95
98 160
66 228
5 10
42 243
21 115
98 210
26 239
248
f6-ld-kp-149-940
90 661
24 19
45 34
71 361
45 362
95 726
23 12
53 87
65 376
24 787
5 460
10 64
38 696
72 62
30 849
75 490
59 851
21 604
19 915
16 883
6 836
94 120
16 640
90 155
23 806
23 590
74 466
9 315
63 485
7 912
84 539
59 287
21 355
33 15
12 619
42 213
3 652
48 246
8 489
77 400
89 922
32 424
9 627
24 513
30 115
81 434
70 295
21 778
46 644
54 583
81 219
47 576
94 481
74 678
74 742
3 838
65 674
55 911
94 821
28 560
34 818
1 529
7 307
19 898
86 76
8 348
6 300
35 466
77 282
97 38
78 827
41 132
4 592
6 683
46 196
61 632
72 542
40 436
91 178
13 180
12 557
24 95
77 505
91 338
5 351
41 77
74 107
55 774
94 686
82 437
37 887
28 608
67 55
58 418
6 635
85 112
40 706
88 352
5 205
3 97
32 166
62 139
29 14
4 54
5 494
66 115
90 180
50 61
87 835
81 434
57 34
15 33
35 417
61 523
85 793
72 870
81 107
88 883
23 343
82 883
29 735
65 15
29 800
73 645
11 871
84 757
53 19
29 564
22 856
64 429
74 323
57 593
20 296
87 35
58 531
84 731
27 345
73 610
62 528
60 514
29 699
10 140
76 21
41 763
93 698
19 154
100 834
94 880
49 934
940
f7-ld-kp-36-794
55 663
7 669
24 725
43 235
25 659
97 514
18 732
65 47
73 97
25 406
42 383
68 425
83 384
100 366
23 671
13 754
55 340
77 562
49 112
53 370
23 300
96 478
57 405
47 421
83 508
39 375
24 489
36 106
61 122
55 405
28 159
58 597
3 549
98 249
51 761
35 647
794
f8-ld-kp-52-652
27 346
71 133
9 319
99 313
65 509
62 254
71 120
13 494
74 624
83 339
51 413
13 424
72 369
41 253
13 624
39 224
54 430
3 454
46 361
52 627
83 568
81 616
9 191
84 113
36 343
15 123
28 138
71 38
82 544
38 143
87 147
11 643
34 273
3 415
31 99
8 461
29 199
100 356
53 380
42 642
19 461
71 269
28 524
35 354
92 534
84 392
34 138
10 82
77 175
45 615
14 103
73 425
652
f9-ld-kp-158-432
70 55
51 121
16 231
19 409
67 57
77 166
11 203
74 168
91 85
85 169
40 341
34 327
33 114
6 255
56 78
48 410
30 161
71 321
6 409
19 40
43 151
20 258
71 348
2 432
95 346
33 408
50 280
72 147
54 320
86 97
82 319
3 114
100 332
3 92
25 108
40 431
12 122
58 287
48 159
3 107
57 157
39 252
49 339
98 405
66 69
81 393
37 311
72 248
68 141
45 47
97 229
7 13
96 265
98 233
42 402
33 358
17 362
83 54
99 87
9 64
18 191
72 355
1 266
36 411
42 76
33 369
55 58
66 157
7 370
45 146
40 356
90 344
62 213
73 84
13 299
26 128
14 310
84 185
21 318
61 186
75 1
17 45
75 90
60 294
12 261
1 299
27 414
98 398
62 185
77 377
5 395
94 201
87 138
23 131
63 431
80 54
85 66
44 107
5 159
68 361
37 116
75 58
35 17
68 23
53 76
80 79
76 194
71 431
24 314
36 246
17 409
64 59
8 271
60 421
81 35
45 107
86 193
29 75
6 108
58 421
77 125
55 211
69 324
66 267
55 422
52 217
27 68
68 403
36 130
53 184
33 308
22 258
84 215
40 3
19 222
83 372
67 69
14 26
23 39
34 236
60 245
2 285
48 269
21 327
12 183
22 240
41 237
41 189
30 36
50 337
81 55
76 178
6 219
43 16
92 323
22 312
82 68
93 229
432
f10-ld-kp-99-482
34 41
17 470
24 414
66 452
71 344
73 215
95 153
73 439
85 312
7 365
40 128
20 444
44 28
93 415
36 266
22 461
33 406
86 387
36 103
22 367
3 173
90 382
77 301
71 141
19 98
28 157
38 130
43 136
83 179
24 373
44 312
87 151
99 417
39 369
4 286
72 159
58 82
67 324
13 199
9 371
82 302
71 411
46 227
25 233
19 365
15 362
74 398
39 476
52 18
28 69
30 255
10 330
22 96
2 147
70 465
68 226
21 321
19 347
72 443
10 195
40 240
43 293
27 253
78 331
2 215
93 79
25 235
8 282
90 119
18 60
22 367
41 369
53 129
18 2
32 301
24 452
10 174
57 37
76 468
5 215
25 141
83 18
34 197
57 259
11 82
40 13
49 407
67 166
82 36
42 79
23 186
23 150
11 133
41 456
51 26
48 318
48 466
42 288
27 441
482
f11-ld-kp-35-904
22 863
86 749
23 168
67 658
73 271
45 725
94 899
82 598
28 281
88 493
28 7
52 142
12 581
98 719
52 719
10 90
38 248
79 792
77 655
63 822
24 175
67 749
74 579
54 714
47 693
79 655
40 454
93 2
38 105
20 681
26 54
63 100
2 746
56 774
96 60
904
f12-ld-kp-40-126
27 70
18 69
38 86
33 2
50 108
52 90
32 110
39 123
37 64
15 119
96 2
39 99
10 106
60 74
62 114
29 36
14 50
51 81
78 71
43 34
86 51
20 57
39 9
79 25
36 55
57 78
35 47
93 27
97 20
98 23
30 88
37 33
73 12
62 87
90 73
79 123
6 71
96 40
58 56
61 33
126
f13-ld-kp-139-966
75 655
86 225
33 896
31 191
46 683
69 169
37 520
55 941
72 589
67 97
91 739
47 500
45 178
20 400
97 840
38 899
38 334
21 683
38 119
76 23
61 689
99 667
62 206
91 710
12 484
71 480
79 944
39 508
42 357
23 182
44 346
60 835
60 457
91 323
98 682
22 159
67 758
63 908
42 944
59 513
31 377
14 134
18 800
83 691
17 834
50 862
37 84
98 107
90 714
10 470
47 493
17 863
46 719
53 782
97 882
76 624
33 147
29 647
1 631
95 583
13 138
26 348
4 600
87 87
24 428
80 770
44 563
68 599
48 529
87 232
22 253
9 303
25 80
69 870
18 626
95 579
57 664
52 74
60 125
1 832
84 451
68 875
23 663
94 133
84 795
4 212
36 151
44 103
36 817
92 336
26 254
67 301
67 337
79 185
13 840
17 965
41 623
88 590
60 9
14 710
84 209
27 643
11 137
63 211
90 325
92 253
50 637
70 810
95 753
49 804
88 744
85 213
2 847
89 208
28 670
57 957
32 592
85 458
85 531
99 646
58 712
26 467
11 365
63 27
75 80
20 650
7 43
10 36
71 61
28 853
20 326
44 221
82 529
22 871
49 415
79 107
69 702
53 189
38 458
966
f14-ld-kp-33-957
29 873
22 789
17 765
12 612
63 685
88 677
47 680
12 888
97 530
18 8
47 579
31 24
98 912
13 871
25 54
84 885
44 495
39 945
96 39
64 941
20 418
88 190
31 526
23 406
52 81
43 882
45 17
53 413
71 183
4 645
23 349
78 291
72 934
957
f15-ld-kp-151-469
92 121
46 59
49 20
58 415
89 385
15 373
63 425
12 111
35 97
73 141
25 48
50 169
74 315
72 337
100 269
33 448
60 11
38 466
12 428
12 254
27 387
5 403
26 367
35 335
52 219
49 51
42 446
85 51
62 97
76 97
80 407
88 186
79 218
3 365
78 158
28 366
56 224
11 311
36 55
97 363
78 39
42 455
90 239
33 192
3 314
82 168
77 248
31 348
42 467
50 423
3 441
37 267
1 122
4 363
11 31
40 388
4 59
49 301
81 20
99 51
4 379
8 17
98 107
83 315
24 454
98 198
22 143
44 228
92 21
30 327
19 75
55 109
94 310
40 280
96 3
98 88
64 212
62 215
73 267
5 14
44 52
45 51
35 396
80 424
78 376
100 218
66 233
13 56
99 93
37 335
31 154
85 306
44 438
13 143
53 177
94 180
91 113
40 226
46 299
82 43
94 180
31 64
89 423
80 199
54 227
96 14
14 168
89 302
75 137
71 418
76 380
78 175
47 263
10 317
2 190
2 365
9 134
5 137
46 432
88 12
94 55
12 260
19 70
28 460
40 171
8 269
96 309
43 24
75 220
47 251
42 158
8 222
57 272
58 239
6 7
2 458
66 463
6 230
62 253
94 196
27 99
100 12
64 10
85 56
44 448
16 448
91 147
47 191
96 362
41 426
37 108
469
f16-ld-kp-33-791
40 112
47 375
49 780
34 242
44 107
28 343
37 475
97 579
22 24
92 45
20 367
4 114
19 199
26 43
38 152
29 774
43 540
23 443
34 21
83 578
13 155
73 444
34 747
82 417
10 327
19 622
35 640
1 59
6 52
71 636
23 517
64 419
29 622
791
f17-ld-kp-83-94
96 3
39 72
53 61
89 62
13 45
8 77
74 76
61 75
9 7
67 70
43 10
51 11
53 43
12 74
98 24
70 66
35 68
98 41
95 31
90 80
57 66
41 82
45 4
68 92
59 66
33 13
62 33
61 6
81 47
67 87
16 88
26 59
87 16
9 62
64 67
32 64
17 66
60 30
37 86
89 66
97 17
53 88
14 74
74 29
20 77
11 54
76 13
36 4
51 9
18 83
1 66
87 79
28 57
91 2
37 49
16 8
99 53
70 38
47 51
27 30
59 30
42 60
13 18
11 92
73 44
47 82
76 24
71 91
89 59
29 40
5 9
42 2
28 24
63 62
24 18
1 52
71 34
59 30
33 5
26 56
86 20
3 8
76 22
94
f18-ld-kp-22-828
37 738
56 569
59 7
86 232
39 723
95 262
20 203
11 1
96 435
68 44
91 631
100 268
6 41
36 150
21 815
5 53
39 510
60 492
70 687
32 675
51 238
83 2
828
f19-ld-kp-25-130
35 89
46 117
81 6
50 124
67 65
22 51
2 97
65 6
98 101
28 74
87 29
11 92
50 121
61 80
26 20
20 5
62 36
95 119
78 44
24 47
38 49
56 17
76 82
9 16
42 58
130
f20-ld-kp-51-429
27 315
30 383
25 403
79 23
42 327
46 242
97 114
85 277
82 326
71 133
64 313
30 359
13 309
39 134
75 329
80 373
32 315
84 186
32 94
18 304
46 404
65 185
59 77
33 117
52 80
38 410
12 157
32 295
25 54
81 369
49 23
81 143
52 79
43 49
9 37
87 97
62 271
100 88
12 378
74 143
98 280
72 230
36 403
51 249
83 114
28 111
46 423
59 277
19 370
85 33
58 147
429
f21-ld-kp-64-802
68 113
91 586
79 685
23 643
64 317
71 703
35 21
71 127
36 169
98 231
31 512
38 232
16 310
77 331
15 473
90 310
45 175
23 486
82 177
31 752
69 565
70 625
34 610
67 634
49 666
53 239
15 739
23 440
27 751
7 31
6 218
25 1
89 753
3 118
76 478
54 62
91 605
78 175
95 411
27 282
14 342
50 465
68 400
75 143
41 214
89 118
73 707
92 100
31 776
61 476
1 498
25 631
92 701
70 283
42 40
57 550
58 596
73 647
1 58
79 349
32 19
12 86
2 634
81 95
802
f22-ld-kp-82-646
52 165
11 537
74 262
44 470
44 264
78 39
11 323
13 345
60 347
28 428
1 440
20 536
4 616
50 98
4 211
58 642
51 327
80 310
61 311
39 24
34 478
22 192
78 64
73 389
67 414
40 315
54 273
33 230
21 464
15 189
87 418
33 537
86 81
65 269
15 104
51 162
72 262
79 585
98 244
8 85
42 85
63 239
87 139
63 498
97 245
20 165
92 560
39 36
28 297
95 50
56 317
92 529
76 607
25 133
84 532
97 640
61 628
2 353
54 598
100 30
75 204
61 505
87 482
86 543
24 6
88 419
82 518
32 400
76 509
49 553
100 397
57 595
12 448
99 461
13 320
90 449
47 444
65 488
59 201
27 198
74 429
19 127
646
f23-ld-kp-37-702
100 185
18 513
92 598
76 441
4 259
57 686
14 190
12 571
10 108
8 319
74 529
55 277
36 257
22 354
10 662
79 514
66 583
96 176
71 618
8 344
18 489
63 467
72 80
3 234
87 419
12 200
10 667
59 589
84 315
88 85
7 18
89 80
60 626
100 627
27 358
81 130
90 46
702
f24-ld-kp-105-603
25 178
14 283
86 300
3 161
19 459
84 7
33 336
6 104
47 552
18 197
83 346
76 91
42 116
82 582
39 164
33 540
93 404
35 50
59 74
82 126
61 338
11 574
15 188
3 50
98 411
45 503
57 142
4 392
46 597
64 277
14 382
85 524
41 342
4 120
10 340
63 295
91 104
97 454
51 339
1 70
51 542
45 103
60 272
53 514
52 247
43 495
75 39
34 128
14 163
44 377
13 43
62 246
72 150
12 218
43 599
75 484
94 245
62 88
26 298
2 284
17 50
45 54
93 394
4 305
53 439
72 572
89 337
20 27
100 181
62 505
9 37
60 495
50 144
80 236
71 517
3 105
73 23
89 191
6 448
1 556
95 513
70 11
79 158
48 1
50 364
31 452
91 453
31 35
60 402
98 128
88 306
37 174
74 279
50 124
66 28
1 148
23 331
100 325
57 289
23 535
86 308
82 350
24 163
4 320
43 1
603
f25-ld-kp-18-636
77 636
5 162
16 394
86 235
88 517
45 573
39 487
74 298
5 31
39 377
43 474
99 376
60 317
10 96
43 413
70 320
10 54
44 500
636
f26-ld-kp-107-552
71 32
76 407
29 296
27 21
67 371
4 138
90 118
29 504
50 276
51 284
23 208
8 282
33 190
91 33
48 482
17 131
17 470
47 53
15 434
73 196
95 138
57 197
95 488
40 112
21 253
42 414
80 27
85 2
14 296
53 540
47 136
24 389
3 206
97 178
92 217
56 272
36 277
1 396
14 530
76 213
37 481
31 278
16 330
84 58
63 259
67 455
8 158
76 67
39 274
92 207
95 136
22 523
19 144
71 131
85 33
72 420
76 528
16 75
32 266
57 32
17 393
91 46
85 143
50 258
19 548
97 86
20 298
74 211
29 130
31 276
61 406
36 126
81 451
69 208
52 338
27 334
70 365
88 143
46 115
94 517
1 28
29 28
57 224
84 81
53 301
37 93
56 327
36 239
75 307
39 468
3 185
74 7
8 528
97 137
14 527
2 269
57 437
79 329
21 311
32 522
64 136
37 104
28 293
65 546
80 139
95 95
35 375
552
f27-ld-kp-104-554
92 490
72 38
86 143
47 4
41 207
2 382
93 372
94 252
12 144
68 509
95 235
55 20
68 130
14 292
25 465
20 415
84 496
7 295
88 472
8 82
56 104
9 516
5 482
95 172
48 514
55 128
28 471
92 104
86 90
86 125
40 84
88 396
34 325
73 466
53 337
89 196
39 170
11 401
77 554
87 300
20 108
2 537
22 375
12 427
85 310
18 15
42 237
7 174
13 365
82 67
44 128
36 22
80 285
69 118
47 463
14 338
72 440
95 187
96 204
42 40
20 411
33 435
59 137
47 549
84 75
56 327
39 335
56 35
84 281
89 218
60 20
17 485
75 96
23 40
2 16
97 242
36 405
79 295
80 509
8 25
92 265
99 45
91 540
2 478
88 422
80 259
28 489
34 102
99 457
78 244
16 415
45 81
95 271
16 120
36 430
34 364
80 486
5 5
2 307
52 527
99 157
28 300
82 313
40 103
554
f28-ld-kp-150-69
23 20
35 22
33 43
5 23
99 58
66 58
31 34
15 20
49 25
62 39
54 9
42 30
13 64
80 38
11 52
24 51
33 45
77 18
37 54
89 67
86 42
74 57
58 2
37 61
92 38
87 10
21 59
81 33
93 11
24 24
44 30
11 26
58 57
45 35
59 23
81 52
90 46
44 53
19 31
87 28
53 66
48 16
4 69
65 5
59 44
23 62
57 53
5 52
66 64
88 54
18 33
41 48
7 27
38 2
90 22
50 61
60 21
91 27
92 59
2 69
16 4
80 45
23 68
23 66
47 48
10 29
10 14
8 36
58 31
67 66
49 10
68 39
26 20
49 59
27 11
73 11
9 40
51 8
68 57
46 68
7 24
70 23
33 21
66 3
21 59
74 24
94 25
24 11
36 27
83 67
73 62
27 62
48 34
99 48
84 33
80 29
31 15
20 9
29 5
71 9
57 18
30 30
13 39
9 39
35 21
5 35
72 14
26 63
90 41
87 15
30 35
95 8
7 26
55 29
99 19
69 4
62 11
31 7
51 49
53 3
54 69
15 10
14 35
94 47
94 2
54 54
12 15
78 15
81 30
92 68
92 55
92 15
31 4
58 67
72 46
79 35
13 12
44 4
54 60
72 10
54 22
70 15
7 28
14 47
70 14
51 4
73 37
71 49
89 7
73 51
69
f29-ld-kp-132-648
82 360
18 202
40 595
34 106
88 225
49 350
84 354
72 450
93 318
17 598
31 50
4 96
96 44
16 330
67 140
95 495
23 489
58 190
70 34
5 519
72 560
98 186
40 505
55 577
31 266
56 93
29 258
29 412
82 563
58 291
64 558
65 644
29 290
67 271
31 17
62 514
25 468
84 265
35 385
13 530
5 538
55 157
26 477
70 310
75 115
34 394
52 77
65 345
69 493
19 381
54 535
99 290
61 248
65 143
86 419
51 242
34 291
31 483
26 68
52 74
88 618
24 246
46 602
34 558
68 308
99 336
31 363
41 556
53 47
35 241
41 110
69 637
29 540
68 39
3 560
68 291
97 429
22 97
38 418
67 228
47 350
51 283
18 53
49 29
33 391
69 91
28 71
28 283
88 483
20 586
76 303
5 186
26 53
36 448
89 512
64 425
45 97
14 379
66 567
49 424
82 279
56 22
86 463
4 560
7 233
71 356
1 486
74 550
81 213
25 583
85 383
88 563
80 350
52 446
39 15
35 439
57 289
46 545
70 10
74 370
94 145
70 526
77 441
9 38
17 350
43 208
73 370
86 460
28 188
14 509
70 567
4 533
648
f30-ld-kp-30-898
73 746
41 50
3 55
83 188
56 98
34 307
40 184
54 315
59 711
52 692
50 46
58 440
36 374
24 353
31 237
67 666
84 8
59 673
39 858
35 632
6 539
35 862
55 334
17 481
51 372
88 295
21 2
82 764
58 82
19 170
898
f31-ld-kp-153-769
23 636
12 217
80 36
72 557
57 317
78 703
45 415
39 230
48 579
9 450
1 218
66 385
1 368
64 394
75 732
73 735
2 619
42 423
8 417
84 583
81 114
97 73
59 79
89 333
80 643
82 527
58 349
28 635
71 261
18 37
100 735
90 561
23 568
39 303
59 115
14 28
49 443
23 653
63 691
11 145
34 233
44 193
74 186
15 82
1 613
21 676
10 296
72 257
74 289
30 51
55 161
9 624
58 294
99 591
5 155
91 745
22 416
49 660
82 612
13 307
29 679
66 621
54 586
96 206
87 759
3 47
10 500
95 470
49 489
28 644
83 104
19 89
8 765
51 303
59 320
27 330
73 249
90 157
49 752
47 582
94 237
51 243
31 567
99 490
71 574
61 125
67 576
87 585
73 404
52 315
88 231
43 613
2 291
97 253
72 713
30 427
32 424
63 706
75 287
26 440
13 229
87 320
2 764
4 184
86 96
27 58
82 57
6 284
85 686
92 419
81 651
8 201
85 762
92 629
98 77
64 245
3 627
12 155
13 25
62 199
80 543
84 490
53 653
2 338
70 507
50 596
55 482
76 7
35 667
22 588
27 379
42 556
59 268
93 457
76 252
60 583
63 253
28 534
64 574
85 125
33 657
51 91
58 490
42 603
83 402
11 496
47 736
57 89
41 676
99 308
61 201
96 140
84 554
769
f32-ld-kp-59-780
31 316
9 375
39 105
54 687
60 166
7 623
100 599
99 147
25 260
7 422
26 727
83 50
65 613
39 697
76 458
1 571
36 697
58 144
54 526
17 728
91 172
8 766
58 241
4 395
11 519
84 29
27 142
35 127
64 464
50 684
6 120
32 183
60 657
20 127
74 549
20 380
58 480
27 315
58 375
34 674
68 501
57 346
40 564
56 660
87 583
98 750
34 48
73 548
82 527
44 87
83 474
100 259
81 73
1 714
79 415
8 290
72 221
51 174
41 65
780
f33-ld-kp-200-554
89 423
47 199
35 131
45 73
8 503
88 82
50 228
20 439
15 320
28 284
32 373
21 460
86 99
21 432
64 253
62 11
49 172
16 307
9 230
33 241
31 496
73 187
54 312
9 98
22 3
92 237
26 4
75 396
1 534
68 328
52 508
54 280
92 490
29 221
91 404
30 153
37 463
26 206
4 393
91 96
20 233
92 77
54 322
85 59
26 288
62 135
96 104
77 29
81 111
97 179
60 371
5 56
86 162
4 232
83 299
81 403
76 335
88 67
51 332
86 321
36 203
72 147
55 262
51 103
89 10
33 96
35 101
57 298
13 285
42 499
85 243
12 246
38 548
21 253
15 127
89 323
86 499
90 98
51 353
54 345
73 521
100 424
60 27
74 240
35 484
40 496
28 243
97 252
19 102
78 94
26 495
2 356
18 186
18 263
60 34
64 414
15 301
62 159
90 229
82 85
76 57
48 384
87 495
31 60
24 394
24 44
27 220
70 440
90 151
47 52
13 108
9 543
96 503
67 542
1 217
82 216
52 228
94 552
47 319
20 55
88 34
6 190
41 79
79 446
85 490
82 141
29 443
74 82
58 83
60 378
8 66
70 195
70 129
45 312
96 83
93 115
54 427
93 233
86 408
77 179
62 300
45 504
67 403
45 346
24 472
17 480
83 166
63 20
52 547
100 532
98 10
35 281
16 270
89 524
59 353
53 33
75 371
97 471
7 216
69 116
40 365
91 5
22 471
82 153
11 70
83 473
78 418
90 511
34 516
59 2
10 295
21 37
63 245
3 439
87 516
37 31
58 87
93 474
84 10
65 525
24 547
40 197
77 129
4 131
7 491
17 512
31 83
39 171
63 227
85 39
51 354
11 91
92 433
43 130
90 66
11 208
52 32
43 279
50 428
16 152
554
f34-ld-kp-42-709
38 706
24 132
63 244
75 181
43 325
3 211
47 418
1 315
61 211
87 141
51 297
48 396
52 383
91 133
1 391
73 564
73 579
82 455
86 146
34 480
83 607
34 166
59 148
39 674
47 38
84 6
62 340
97 4
87 416
23 396
69 42
4 142
38 603
12 446
59 35
76 435
92 218
61 468
28 235
34 37
5 659
31 510
709
f35-ld-kp-155-86
82 52
22 30
96 11
95 48
40 46
45 55
89 38
99 35
37 16
36 12
68 25
7 77
50 34
96 50
73 80
18 32
95 36
50 21
28 7
16 15
23 69
54 81
45 27
11 37
95 40
30 39
68 7
65 38
55 28
55 64
54 43
62 36
46 40
47 9
18 30
98 75
25 44
67 68
21 72
73 41
68 81
54 31
84 14
34 32
11 41
71 79
46 4
28 21
21 48
54 52
30 56
22 35
35 28
81 46
60 22
52 60
60 39
45 18
28 23
22 83
86 31
53 56
31 81
6 71
87 2
70 76
100 67
56 28
37 44
3 46
88 64
44 41
61 56
21 38
26 1
14 39
17 26
4 22
49 8
77 2
64 54
94 32
67 38
100 28
10 55
10 54
94 82
54 7
85 27
69 18
50 12
46 7
77 45
54 47
28 27
65 9
46 35
64 85
29 23
58 43
40 10
93 31
93 77
1 68
100 33
77 85
27 66
16 6
27 49
89 7
66 37
5 63
4 38
63 34
14 41
50 10
13 46
71 6
5 65
98 65
37 52
60 11
49 5
84 69
11 9
72 76
20 58
44 4
60 63
73 64
9 52
43 62
94 27
14 6
31 21
9 50
41 5
82 85
70 69
18 46
21 72
23 69
91 84
95 33
53 78
46 59
51 18
44 78
85 72
17 62
32 28
5 30
26 7
64 35
17 3
86
f36-ld-kp-89-577
90 503
58 79
26 277
90 83
76 409
1 570
10 451
86 257
20 36
55 175
65 25
94 452
5 544
58 167
61 208
48 286
95 376
68 231
3 504
68 456
49 457
46 97
78 447
64 329
33 131
68 401
75 307
25 530
5 510
21 305
57 337
79 375
22 481
12 35
29 101
6 483
13 403
41 367
58 499
16 410
72 123
24 23
65 493
75 336
20 57
98 358
77 523
31 171
65 403
89 63
90 92
93 115
6 168
28 347
15 277
19 398
65 433
73 61
59 146
92 351
71 287
89 471
88 35
2 500
47 362
90 496
50 93
15 528
54 95
21 209
14 98
66 538
19 442
72 481
66 87
37 519
70 167
37 353
56 491
26 517
62 128
24 55
85 234
64 347
41 187
10 320
7 301
91 241
4 455
577
f37-ld-kp-82-685
74 66
36 519
30 171
81 606
11 457
2 558
55 8
17 499
14 530
5 398
16 44
81 146
19 392
24 531
19 576
73 476
36 659
38 362
75 258
61 37
59 179
9 73
13 341
48 429
29 174
76 389
18 168
43 380
93 124
37 195
100 323
39 493
19 102
93 123
75 73
35 419
50 631
91 290
25 589
15 68
32 533
76 587
67 179
80 599
44 269
66 72
26 523
87 193
84 641
50 253
19 124
73 656
38 498
91 616
24 660
9 96
50 85
46 103
15 513
45 30
1 196
54 309
31 599
53 399
10 441
56 342
74 153
9 310
28 381
17 457
27 220
29 15
94 450
14 83
98 76
96 558
62 104
36 590
61 533
67 518
75 554
87 264
685
f38-ld-kp-162-401
10 183
23 168
77 207
17 53
56 170
70 188
79 221
65 238
81 357
52 357
96 369
3 338
74 87
81 214
36 27
42 112
37 241
46 273
82 300
22 289
64 321
47 135
95 330
29 59
21 312
50 7
28 331
50 193
63 297
19 109
85 94
96 178
64 315
88 117
25 55
48 325
57 147
32 143
78 4
92 243
52 386
46 226
20 332
87 46
7 386
69 188
40 320
50 281
53 362
82 225
69 248
18 351
99 117
85 384
79 231
24 25
54 58
100 5
4 223
68 78
90 190
38 401
26 319
52 166
58 280
36 181
70 347
24 189
28 317
9 294
96 175
72 102
2 123
62 366
78 150
35 39
5 23
64 199
21 82
76 275
41 359
75 160
86 316
69 385
90 401
21 249
57 259
38 134
77 39
3 89
37 39
20 274
70 150
39 134
26 369
97 204
33 111
24 157
33 207
20 392
9 94
48 237
54 188
66 6
9 316
3 117
44 19
11 64
82 157
45 56
94 266
85 341
23 280
96 46
4 227
13 118
34 68
51 343
41 315
48 32
50 109
62 370
3 156
38 96
40 144
55 28
36 146
49 162
49 323
90 65
41 265
94 104
46 326
87 338
34 364
80 395
69 384
91 344
14 347
31 95
60 143
46 360
56 369
31 372
20 94
69 380
82 19
35 47
27 323
67 341
7 270
36 325
28 393
54 112
97 68
73 48
30 260
48 231
42 389
62 108
84 184
48 389
401
f39-ld-kp-68-315
97 90
5 100
41 310
98 159
87 26
91 305
76 241
28 23
19 90
60 151
46 295
8 1
38 237
91 33
15 212
70 223
90 114
56 97
20 293
10 146
36 300
65 9
58 206
42 272
16 215
25 160
87 22
99 307
42 197
100 190
8 157
18 49
23 143
62 183
31 37
21 262
4 262
94 108
62 34
3 154
2 207
21 149
55 43
52 208
74 61
82 300
79 231
14 42
23 85
97 138
11 257
91 17
40 184
8 300
68 189
98 101
40 312
86 188
15 265
39 56
90 279
81 31
91 116
19 5
18 106
4 114
86 27
40 178
315
f40-ld-kp-77-941
78 205
71 449
13 508
57 329
59 239
42 142
13 698
57 636
72 302
34 83
23 53
56 146
3 479
13 794
61 51
25 803
28 586
20 696
33 598
17 464
5 880
32 644
46 144
90 734
35 553
73 427
62 387
82 187
12 607
62 493
95 171
49 402
78 744
79 844
7 323
85 776
86 586
32 327
1 355
13 54
30 246
13 154
49 246
16 473
45 713
66 200
60 205
81 670
34 96
15 132
2 201
35 150
27 24
67 775
73 427
67 558
86 291
42 670
13 732
76 405
39 763
81 368
50 296
32 168
53 700
62 835
83 794
35 493
23 650
67 314
79 825
44 218
88 862
60 572
88 253
91 767
57 253
941
f41-ld-kp-119-376
27 317
16 85
81 362
87 293
98 82
85 222
27 40
15 192
11 70
59 312
52 82
59 10
29 106
87 218
35 208
77 272
87 161
14 235
50 346
45 178
62 65
66 199
13 122
58 234
5 39
83 51
93 165
13 114
100 24
94 30
84 50
94 290
53 280
41 306
17 28
56 229
28 207
87 13
19 28
6 222
4 36
9 269
96 321
43 176
75 294
95 33
7 192
76 210
8 17
12 111
48 315
85 181
80 214
79 319
9 277
100 99
1 286
46 41
64 47
62 263
22 188
57 60
52 265
36 14
26 110
87 29
45 129
30 11
98 157
85 321
51 294
10 319
45 6
7 156
17 207
30 100
22 67
90 349
29 194
9 20
47 208
17 94
11 102
98 77
18 303
80 275
25 264
79 93
28 24
43 158
40 308
31 19
91 320
9 199
94 83
5 376
34 329
12 217
74 296
3 25
40 269
15 330
81 214
35 307
33 151
26 230
97 361
50 248
25 97
38 191
50 295
73 195
43 13
66 349
95 265
100 123
30 236
25 311
59 222
376
f42-ld-kp-61-738
58 480
92 323
82 239
49 291
31 283
44 33
68 19
25 553
16 403
13 235
43 2
42 27
23 644
35 140
31 572
98 693
2 130
73 601
80 646
16 250
31 392
2 344
8 182
71 187
79 659
45 346
73 568
57 328
11 731
35 621
75 616
61 577
52 23
67 394
29 111
97 408
35 194
18 222
5 443
68 336
57 517
94 373
76 390
30 674
3 322
90 640
53 83
94 410
34 250
57 242
90 150
94 39
2 333
60 62
73 305
99 420
24 131
23 240
53 307
2 466
20 54
738
f43-ld-kp-117-403
100 13
34 234
80 229
76 311
5 204
28 208
80 306
50 206
20 52
71 109
92 283
37 210
31 218
69 96
15 396
64 346
93 274
81 49
59 120
30 303
13 81
73 291
44 72
31 125
87 186
98 209
45 383
53 152
17 113
58 362
45 293
33 258
27 158
10 299
38 119
24 300
70 278
27 19
22 102
67 14
28 172
37 182
65 208
54 28
36 77
5 268
97 217
13 355
58 315
49 331
14 47
57 29
31 59
17 59
82 375
37 339
42 206
64 177
33 95
52 103
38 219
41 142
77 121
32 264
5 122
59 23
39 270
89 315
47 167
17 375
16 401
69 320
4 135
54 271
80 57
14 73
72 81
52 376
27 115
18 56
16 223
39 253
97 123
83 375
51 347
13 250
32 353
95 123
76 230
100 308
72 15
58 252
32 171
25 225
63 202
61 292
89 379
99 137
6 378
68 20
45 309
56 362
60 109
88 275
2 377
84 10
14 278
18 5
94 387
83 207
90 22
75 369
31 364
4 400
23 391
46 200
94 58
403
f44-ld-kp-176-898
92 201
70 170
78 271
34 213
38 52
61 632
44 629
79 169
41 329
87 701
55 549
11 303
61 83
86 81
52 225
20 529
66 334
68 813
18 602
19 390
22 673
76 495
10 387
49 633
76 483
79 863
61 652
67 272
8 511
94 834
91 523
6 233
25 697
32 532
49 130
59 626
7 338
28 740
82 163
94 871
1 175
8 347
34 727
13 478
69 209
40 121
50 529
70 340
64 706
84 850
83 245
1 529
78 207
73 54
14 257
66 612
38 64
52 204
55 22
8 68
58 484
8 624
33 521
35 97
81 439
55 122
27 600
76 497
99 739
75 657
88 194
77 613
92 246
73 831
9 107
67 250
60 314
61 727
100 471
4 888
88 509
20 57
15 798
50 701
61 116
53 489
57 822
70 229
73 765
8 635
54 893
98 57
38 211
94 769
74 197
44 173
9 122
90 683
39 604
34 173
31 108
84 323
83 482
97 672
43 523
52 797
90 872
9 501
37 304
74 455
78 303
33 25
36 111
36 164
95 182
37 76
64 278
80 654
78 131
69 218
3 209
17 635
9 630
56 484
18 484
74 299
84 226
28 301
99 21
39 688
1 780
77 640
67 308
3 260
39 618
100 404
98 441
55 394
81 189
37 571
7 885
11 403
41 490
97 19
93 704
75 235
46 294
67 187
65 315
3 785
73 427
74 584
46 750
74 168
24 440
46 889
71 803
44 383
78 498
51 197
69 889
53 752
22 375
27 673
41 661
65 192
84 384
31 402
82 39
67 271
93 257
23 875
42 546
81 105
43 704
35 658
898
f45-ld-kp-107-934
59 122
53 429
35 373
79 11
38 720
44 9
100 210
6 26
16 222
54 219
33 681
72 685
59 182
76 604
24 603
28 764
80 128
42 152
61 178
67 495
89 312
56 602
70 237
13 899
38 527
51 527
72 762
66 321
43 547
2 469
47 766
45 75
76 342
43 727
54 288
63 5
85 651
99 311
18 495
23 180
47 86
89 539
97 239
1 470
88 138
79 349
3 884
62 297
63 915
90 474
5 684
31 219
79 345
56 500
62 392
1 884
91 931
60 339
92 625
10 43
70 689
35 905
93 213
83 72
43 361
66 578
16 241
58 653
29 115
23 651
21 37
93 715
20 792
17 555
33 79
81 401
22 747
2 19
96 683
14 691
43 487
78 359
16 740
15 518
69 56
53 573
20 186
94 688
21 35
54 826
40 133
16 166
42 481
14 651
43 710
59 729
67 741
33 744
87 94
81 361
88 145
69 222
20 675
43 721
63 333
84 763
47 484
934
f46-ld-kp-170-641
88 620
79 19
99 35
59 373
23 213
41 132
55 446
49 259
53 434
49 240
71 197
59 432
67 388
50 381
58 550
60 162
92 278
69 576
31 332
76 230
18 309
51 294
58 183
77 345
56 108
7 243
20 533
65 57
40 532
68 13
49 474
32 267
73 17
40 180
79 553
54 138
40 447
49 311
3 131
44 332
73 373
24 25
46 395
65 386
100 471
35 604
15 11
67 223
62 210
74 31
87 626
50 365
71 115
65 454
24 578
15 529
67 274
20 168
46 436
49 180
30 628
15 588
60 232
30 431
7 103
73 285
64 430
78 38
69 257
67 305
18 22
50 61
84 433
68 29
70 511
17 266
55 214
42 613
89 458
47 610
41 162
51 468
86 1
95 574
98 47
98 473
99 128
78 448
15 211
89 380
60 349
54 502
44 356
37 369
7 86
14 344
21 549
37 205
1 53
47 238
43 126
95 400
98 74
83 64
49 516
99 396
13 325
10 548
47 344
42 224
52 407
82 504
23 117
8 53
52 236
30 545
32 482
84 112
89 136
37 429
62 139
25 330
82 1
46 424
75 4
4 538
25 141
61 608
3 418
14 158
3 462
80 61
92 302
75 569
55 116
55 449
26 582
52 424
28 406
65 120
29 83
3 14
24 537
16 449
15 432
22 141
95 215
63 597
15 173
90 282
58 285
97 327
22 636
76 369
51 456
20 174
88 81
28 113
58 173
95 583
12 13
73 327
37 556
23 238
40 198
38 60
15 328
83 437
98 50
77 423
641
f47-ld-kp-170-907
20 96
90 656
82 829
13 488
24 148
79 751
31 330
15 117
15 305
95 627
25 774
72 462
12 460
88 331
1 513
63 254
84 321
51 538
63 361
25 790
9 810
56 152
96 559
73 61
33 765
92 419
25 61
58 457
30 845
9 542
95 393
71 810
61 453
11 854
69 430
48 260
55 420
41 589
46 465
59 320
37 611
51 109
98 188
87 302
3 518
13 674
93 180
65 125
40 723
14 829
32 234
97 393
55 106
30 49
20 261
32 187
8 381
86 24
39 785
9 684
64 834
89 324
96 585
86 38
99 81
41 340
79 60
86 687
39 831
89 173
1 788
40 586
74 733
90 895
89 119
95 409
60 224
32 746
69 697
26 592
63 330
81 6
58 749
76 229
40 52
17 111
66 823
6 348
17 379
41 224
79 250
74 74
76 259
28 204
2 1
72 885
53 253
65 865
46 301
95 898
96 696
15 474
79 327
37 670
8 577
16 523
16 343
36 906
10 545
86 614
38 60
35 331
79 304
94 352
22 39
42 456
42 783
33 542
63 665
66 852
31 659
23 707
22 44
92 193
80 847
79 310
66 414
59 490
50 44
92 666
53 163
86 511
39 332
8 412
76 712
51 580
94 706
89 311
64 195
50 313
76 469
87 190
12 61
87 269
67 233
57 401
98 650
40 86
90 625
88 394
8 883
45 725
67 505
79 351
81 815
49 767
17 35
62 307
2 432
62 255
89 60
36 348
49 502
47 31
14 844
91 174
40 880
88 578
27 848
34 171
907
f48-ld-kp-89-489
61 167
32 68
94 41
47 333
88 58
59 152
29 236
23 147
42 129
96 449
17 64
83 225
71 298
96 156
32 364
81 328
7 470
58 289
47 183
78 331
39 190
30 123
27 417
16 487
59 45
12 327
83 111
91 482
85 160
48 83
3 139
36 340
97 18
25 2
34 208
37 44
67 410
50 119
47 463
51 384
91 31
53 351
46 463
46 95
84 93
44 41
75 485
32 352
61 200
53 365
38 98
89 54
72 34
84 211
89 411
89 323
61 427
92 44
63 222
73 29
100 113
33 384
34 63
22 177
34 271
100 153
9 86
29 355
2 311
42 391
1 379
31 433
69 345
96 33
47 213
59 248
98 174
72 369
81 148
97 400
12 262
12 326
10 47
5 76
6 48
16 172
97 410
96 269
42 72
489
f49-ld-kp-62-577
56 453
14 432
58 117
22 365
42 278
92 344
23 305
26 88
26 448
95 75
49 133
10 80
55 149
58 171
74 294
31 212
63 430
89 502
73 265
51 421
98 231
74 419
59 182
40 48
34 513
25 451
61 480
82 48
18 182
56 55
4 471
34 213
34 71
37 390
76 309
67 416
91 538
89 350
92 342
97 350
57 124
77 469
59 404
100 372
8 225
8 504
69 100
76 441
73 161
13 453
79 128
55 138
13 413
61 241
66 476
51 387
2 80
20 556
86 234
93 122
99 34
2 258
577
f50-ld-kp-84-601
62 321
43 201
61 335
23 539
8 544
80 354
1 3
80 4
62 548
45 330
97 57
37 571
77 31
51 565
33 588
88 170
1 460
8 222
79 218
70 251
72 189
74 475
51 352
4 51
95 223
99 533
35 121
5 31
16 432
58 286
38 406
72 115
66 187
30 43
77 228
52 49
72 54
25 297
90 529
70 85
33 133
73 106
58 32
41 486
8 202
93 261
12 305
89 182
15 483
75 593
26 561
48 181
21 436
90 380
26 98
51 109
19 238
71 458
51 42
40 162
20 334
20 199
70 460
70 271
19 342
34 523
95 456
17 233
20 2
31 449
1 514
68 208
35 588
30 367
72 388
62 379
12 12
72 601
77 391
27 597
67 195
92 376
100 531
55 68
601
f51-ld-kp-56-888
88 790
3 315
20 454
49 397
34 137
95 324
10 851
41 777
54 170
33 334
85 869
40 219
61 773
26 182
37 69
46 483
55 752
7 664
99 400
11 618
20 263
1 225
28 667
99 400
71 64
8 645
80 575
11 685
32 355
71 453
82 153
71 463
97 41
70 462
28 43
10 630
98 109
12 107
78 185
39 598
2 16
16 324
42 56
29 262
61 69
12 244
98 340
14 153
55 85
87 126
40 637
85 134
99 243
11 436
19 519
18 591
888
f52-ld-kp-47-421
45 102
57 280
16 22
32 213
39 366
98 325
17 347
51 410
42 240
96 413
6 265
20 317
22 72
72 280
81 122
63 218
60 66
48 79
4 149
35 37
62 123
29 135
68 333
15 405
5 362
19 171
71 31
71 188
49 217
12 197
10 160
12 88
27 45
92 241
92 252
99 129
87 183
67 127
40 260
26 193
46 198
62 176
52 206
67 336
82 130
63 27
100 224
421
f53-ld-kp-182-465
36 21
95 236
88 221
18 33
95 77
70 126
79 418
76 167
21 455
52 112
53 329
21 436
37 1
41 290
83 305
81 271
95 279
44 132
12 340
95 276
32 63
22 406
88 403
89 10
53 110
27 41
79 176
19 130
82 99
96 317
67 455
29 373
28 163
81 454
68 119
2 209
38 354
67 360
20 417
18 37
89 150
65 170
72 373
62 448
5 271
87 440
91 452
92 298
85 150
40 110
99 320
36 331
44 308
40 72
64 215
10 462
19 450
56 250
27 381
18 113
95 320
21 172
14 98
14 217
70 115
74 135
48 449
14 175
63 267
44 185
99 465
66 428
57 457
16 118
32 174
86 81
5 206
23 413
45 260
46 20
3 64
67 353
34 234
2 362
42 124
6 228
34 405
55 147
60 48
47 355
39 301
32 381
68 105
7 254
68 128
62 210
85 121
49 36
28 410
91 433
18 162
62 292
21 169
88 189
62 178
87 89
57 261
7 441
99 403
17 261
87 325
98 72
24 31
46 247
40 221
74 279
10 215
7 377
58 236
44 370
30 158
98 213
48 219
64 406
63 1
29 449
93 295
51 457
31 266
89 360
26 321
4 168
95 6
59 30
99 59
22 209
27 428
34 307
26 430
69 378
26 27
92 20
85 37
21 102
15 349
83 392
83 250
2 156
68 464
72 257
27 458
15 419
35 48
78 258
37 290
52 165
95 123
45 413
35 53
88 341
87 106
96 137
9 106
97 27
8 286
78 244
95 71
87 296
42 351
68 357
58 29
6 8
88 269
25 43
81 408
16 3
73 417
12 209
86 222
19 462
85 10
90 50
465
f54-ld-kp-98-93
43 20
85 51
69 27
32 19
68 7
54 58
23 7
72 23
30 22
64 46
41 13
6 38
100 5
73 47
50 87
47 65
5 4
67 13
48 32
63 52
100 45
95 80
57 78
12 69
13 19
93 17
77 57
88 50
45 40
50 92
43 44
95 67
82 91
64 42
8 44
96 40
71 64
34 81
45 50
23 11
53 77
93 64
77 2
43 1
61 24
72 66
8 33
4 26
73 52
31 48
22 51
81 67
62 37
4 88
59 71
66 64
86 55
62 56
7 77
73 87
44 80
35 23
53 41
74 53
34 87
34 16
81 14
73 21
69 34
69 73
46 14
61 11
15 62
32 16
43 13
75 85
86 86
21 20
31 9
64 21
45 64
99 29
15 60
84 9
82 17
56 33
31 59
81 29
99 24
5 39
54 49
95 24
94 69
54 27
71 36
21 12
79 6
75 33
93
f55-ld-kp-32-196
80 60
52 39
83 181
20 95
99 105
61 1
94 107
100 74
100 68
68 3
29 15
78 155
32 111
24 42
89 124
67 23
88 104
24 28
59 61
55 155
81 131
73 159
77 67
99 134
22 114
37 61
78 119
26 178
68 19
32 119
85 64
79 9
196
f56-ld-kp-169-490
16 146
54 411
38 319
32 234
21 332
67 487
88 63
2 247
1 368
55 405
94 110
37 319
31 175
76 386
51 105
53 296
60 259
39 439
90 277
17 66
88 159
72 121
27 323
88 89
73 99
3 311
32 157
84 303
74 260
87 126
23 45
84 153
55 199
20 204
61 172
51 107
61 337
35 313
46 481
52 412
26 452
79 364
42 322
18 24
55 64
72 347
46 84
84 225
88 344
23 215
94 179
68 22
60 47
2 489
26 53
73 396
19 221
78 34
83 61
24 387
67 404
34 461
28 408
19 234
76 306
18 4
29 418
70 277
17 118
39 412
87 376
14 150
100 5
79 469
58 486
8 29
29 380
59 159
45 246
97 431
20 32
62 58
35 126
49 308
85 92
66 209
47 301
90 374
86 18
78 404
14 200
80 292
100 474
66 251
22 6
91 227
90 369
18 36
21 252
45 128
83 203
32 389
7 209
18 386
41 279
56 139
15 209
12 8
9 398
45 374
100 202
23 165
48 463
26 27
5 323
86 435
21 255
13 397
14 320
5 383
76 74
20 438
17 184
7 49
91 171
82 33
65 345
89 423
36 14
55 332
28 47
62 195
16 456
65 138
9 456
63 410
7 91
19 93
56 186
62 205
81 210
19 238
8 83
11 321
70 259
25 96
99 418
53 81
3 7
33 110
5 322
43 4
86 225
94 218
47 35
96 212
67 58
72 484
50 110
88 30
4 81
58 94
34 450
36 7
25 321
68 182
2 471
35 22
35 479
490
f57-ld-kp-54-71
31 53
73 4
1 40
39 64
12 37
24 17
52 8
24 14
48 33
67 60
53 66
72 24
66 70
35 46
87 45
67 20
92 34
71 11
74 63
33 26
79 11
41 39
75 65
60 58
72 2
49 4
13 4
96 67
1 45
17 26
6 33
95 43
45 37
66 2
77 57
85 29
31 38
18 35
27 29
27 43
53 46
79 56
15 16
90 10
74 13
56 42
9 10
3 49
56 53
16 49
61 42
52 51
1 49
64 43
71
f58-ld-kp-20-642
10 378
34 606
10 312
91 41
54 270
45 275
12 321
93 166
91 14
21 586
51 315
7 250
45 319
93 1
87 430
2 494
71 41
4 479
33 38
68 498
642
f59-ld-kp-123-736
62 6
21 100
10 736
68 163
1 58
19 132
47 624
13 442
50 161
34 149
87 682
63 488
72 250
78 307
74 483
5 171
15 327
31 661
74 420
17 86
97 57
2 314
21 471
72 494
20 587
94 166
100 93
79 5
72 725
3 182
62 453
63 284
11 211
85 627
21 643
35 536
47 336
78 92
63 168
99 53
68 609
84 87
67 258
92 445
54 572
77 533
86 360
3 552
16 361
4 169
54 382
29 650
10 343
65 74
74 467
38 49
25 77
73 256
95 177
24 88
93 142
31 508
24 274
71 430
56 351
64 665
60 519
45 368
69 564
73 485
58 582
19 647
64 679
10 311
43 272
21 556
2 10
23 709
88 564
60 619
64 149
58 65
79 129
29 35
4 275
13 612
55 653
97 186
8 218
19 91
88 723
9 77
31 616
3 308
92 475
30 460
98 242
14 77
54 287
13 40
57 725
35 390
43 114
81 29
45 153
91 613
68 1
60 681
67 462
59 449
46 283
69 325
41 690
54 309
64 375
92 670
81 659
98 505
15 242
41 227
67 33
81 677
28 540
736
f60-ld-kp-170-911
75 447
12 190
74 763
61 465
32 593
50 48
15 582
64 21
83 537
83 154
23 881
100 99
90 233
60 168
76 493
30 165
57 664
95 905
78 202
33 853
77 12
9 102
67 454
90 614
6 363
14 491
95 39
79 394
65 873
58 889
26 320
85 182
25 60
77 632
5 140
68 66
72 6
43 776
65 566
23 285
61 694
8 134
71 79
71 223
97 497
90 351
14 641
68 616
24 545
25 449
79 123
16 674
56 108
80 213
91 143
18 488
24 198
20 565
32 258
93 228
57 797
10 601
41 825
8 271
47 898
67 207
45 591
95 332
87 337
46 526
42 909
31 157
24 450
39 263
55 129
42 884
70 219
6 844
67 704
45 696
89 732
9 355
1 497
28 356
14 183
97 527
56 259
82 74
87 798
16 839
73 11
89 97
35 9
10 160
39 326
69 677
50 654
57 131
32 662
41 274
44 453
67 774
83 343
34 157
73 495
20 588
97 80
55 903
49 737
97 387
68 58
96 27
91 57
80 6
28 539
74 856
42 812
45 185
58 238
54 697
24 215
30 203
51 610
85 570
40 355
30 256
96 723
12 719
44 748
57 655
68 899
14 376
31 599
18 493
54 260
96 231
9 282
62 238
45 89
58 741
6 691
54 772
23 742
31 788
89 396
56 288
17 490
90 814
49 178
92 119
23 554
43 886
69 638
52 154
63 318
50 671
66 660
54 252
66 738
63 428
100 257
23 710
39 371
60 730
8 370
95 295
80 73
26 511
12 39
3 171
911
f61-ld-kp-34-607
98 168
57 283
15 155
29 287
46 73
45 372
42 393
47 260
58 331
13 548
11 446
41 176
37 486
43 361
85 314
39 122
31 433
93 394
96 423
86 72
57 474
81 259
58 16
8 100
2 211
33 153
70 95
71 424
30 314
56 23
82 487
17 306
68 396
58 241
607
f62-ld-kp-28-318
67 313
46 301
81 46
24 273
79 27
1 50
13 135
56 139
86 246
22 287
70 34
72 260
5 7
5 23
18 57
91 275
24 202
44 10
96 160
98 163
25 195
4 128
10 162
67 132
84 221
93 263
67 52
33 13
318
f63-ld-kp-134-239
81 208
96 152
83 232
68 4
45 191
54 21
68 219
14 144
83 189
42 46
69 123
85 130
58 39
83 21
41 87
81 153
91 98
72 180
81 155
2 111
2 214
17 173
13 80
97 31
19 49
49 179
55 114
76 45
58 71
64 162
44 13
95 178
32 182
4 21
48 36
27 100
52 223
35 35
15 2
72 150
89 137
99 160
44 81
66 61
16 3
55 184
82 167
58 234
19 117
72 157
42 159
52 203
15 177
47 66
94 80
81 98
30 197
31 128
64 46
79 227
68 173
5 200
66 176
61 136
64 172
42 11
61 78
74 149
14 47
33 214
21 55
48 133
97 197
75 19
94 159
70 78
69 52
14 213
3 18
82 155
69 229
24 21
20 74
86 33
88 82
90 215
54 195
32 36
73 123
80 195
31 64
77 213
43 15
37 94
73 42
16 132
61 132
44 137
80 209
95 192
94 24
79 158
72 160
81 91
58 53
16 136
20 227
12 21
51 127
17 137
42 13
45 30
6 49
5 37
70 182
53 94
86 209
62 136
67 71
100 173
79 108
30 116
78 91
97 229
24 201
50 143
94 204
81 91
5 26
71 162
62 136
38 82
98 92
93 189
239
f64-ld-kp-125-270
27 192
27 72
84 234
1 11
32 93
62 192
95 37
18 233
25 112
59 6
33 253
18 30
76 16
28 62
14 119
37 241
13 224
69 155
9 67
96 262
3 252
22 187
100 132
93 235
86 209
13 102
79 104
70 15
47 67
70 169
71 1
49 255
58 268
28 65
22 234
61 241
21 47
23 148
9 211
76 25
56 46
40 232
25 196
83 115
100 70
55 135
18 108
4 238
22 174
12 265
67 224
42 117
54 32
75 269
61 32
48 150
99 107
76 172
2 77
9 85
94 70
98 127
65 244
39 94
25 29
67 100
1 21
84 165
62 144
93 50
58 229
21 162
90 146
4 177
61 234
51 50
66 58
41 145
95 265
95 27
77 143
67 38
96 40
20 52
36 191
8 260
38 134
2 131
99 117
67 157
9 7
39 160
15 143
10 168
13 101
13 92
6 114
40 47
43 90
38 158
85 131
100 185
16 103
89 66
82 192
45 180
90 80
88 246
45 157
94 51
70 253
18 115
7 26
14 168
69 257
13 176
25 222
79 207
54 112
51 154
64 53
20 185
95 126
8 123
14 43
270
f65-ld-kp-28-670
58 319
59 29
74 225
53 40
48 119
12 198
81 512
91 398
56 592
5 584
23 34
22 507
81 352
61 575
85 362
95 550
42 666
79 611
70 1
26 315
80 27
16 637
30 206
12 208
32 386
20 564
91 68
54 620
670
f66-ld-kp-186-938
98 246
16 224
32 809
67 255
2 200
15 664
31 548
34 372
9 388
7 427
38 27
11 339
55 593
10 108
74 909
74 260
40 11
75 544
54 831
85 796
31 96
31 459
79 373
25 901
1 407
15 194
42 366
20 590
68 429
12 304
67 858
59 3
98 863
89 824
29 386
89 201
58 791
87 836
51 373
86 755
28 554
38 139
2 348
81 758
21 549
30 784
69 409
17 57
92 195
79 922
78 601
62 897
100 808
18 823
91 695
59 622
80 391
65 68
63 36
66 458
60 588
61 848
94 208
8 867
38 335
71 426
81 196
53 642
42 176
81 456
7 924
36 3
58 296
7 769
29 695
23 192
19 802
19 834
65 451
24 781
26 149
3 537
63 480
77 37
86 841
8 99
35 210
27 13
92 642
89 2
24 638
74 269
29 173
10 326
39 901
83 615
53 341
100 71
44 331
63 930
100 286
4 672
61 328
58 685
72 648
51 644
47 155
18 887
22 678
73 696
11 727
45 770
71 175
54 131
21 505
50 712
7 95
17 916
70 20
1 729
31 332
35 479
30 215
17 247
18 587
77 908
61 38
51 524
43 383
36 144
27 110
31 871
66 108
87 33
9 681
12 271
91 913
42 100
18 489
98 701
33 23
4 473
46 56
21 688
81 396
73 141
34 437
97 33
32 555
47 303
64 164
63 696
85 362
56 399
3 860
37 481
21 578
12 10
17 346
58 289
88 542
97 477
19 748
94 754
31 599
30 775
14 485
81 434
42 263
24 657
1 412
91 40
74 738
100 211
39 568
45 8
44 57
91 740
54 179
59 688
73 828
63 934
36 917
44 309
73 462
83 444
938
f67-ld-kp-104-174
75 74
48 164
45 132
79 19
59 149
38 60
91 58
4 72
63 151
15 95
55 132
96 152
90 90
89 44
82 49
4 144
6 130
22 61
28 160
31 141
96 22
31 32
1 117
80 164
53 135
39 16
75 113
69 157
74 111
58 38
22 83
4 108
21 72
91 143
92 65
37 30
77 167
90 99
14 65
66 159
96 120
25 124
5 124
36 68
67 86
55 106
13 113
16 4
18 69
85 168
66 89
48 15
66 70
48 132
76 81
14 14
70 125
76 26
15 22
90 174
61 68
53 126
56 162
60 85
27 2
67 82
94 82
93 136
72 125
69 96
29 78
89 18
95 116
59 160
67 82
30 56
48 82
19 106
11 133
68 78
41 38
4 69
58 4
78 102
26 29
32 166
13 2
13 126
94 92
72 73
84 19
81 102
28 52
10 55
50 91
13 83
18 116
51 77
64 107
61 70
63 7
44 174
25 13
92 66
174
f68-ld-kp-56-515
1 136
92 169
47 163
77 158
95 200
65 135
97 169
24 467
71 420
75 271
90 380
95 315
53 307
64 376
88 2
60 291
59 271
84 135
72 59
6 513
19 106
88 428
81 223
53 383
45 313
10 496
61 487
37 504
32 14
68 51
65 443
11 212
63 434
82 283
12 295
30 433
24 390
95 432
53 181
23 349
58 71
49 51
58 297
92 196
74 295
46 395
82 360
32 49
32 252
6 337
26 444
29 1
10 160
2 191
37 9
10 55
515
f69-ld-kp-52-902
24 135
78 121
94 261
11 848
27 495
63 826
24 438
62 635
73 403
79 83
55 393
18 89
40 72
21 173
12 13
17 725
87 406
81 758
7 10
76 579
11 649
97 710
57 51
81 428
50 169
1 859
70 577
30 209
57 182
14 654
69 812
24 522
53 304
98 501
78 858
11 720
26 544
59 402
85 695
14 564
74 816
94 297
76 897
42 384
80 810
65 620
56 127
87 821
64 701
35 82
86 580
50 874
902
f70-ld-kp-85-823
59 101
16 789
70 657
21 153
11 423
63 152
68 615
57 669
13 125
7 300
69 558
21 148
60 430
73 522
5 526
48 434
60 147
68 625
50 577
6 638
61 115
29 276
90 30
36 752
10 806
28 612
86 280
76 543
79 46
79 627
21 599
79 725
82 75
41 393
92 108
71 724
12 547
75 579
31 558
60 676
2 482
76 600
84 203
87 599
98 649
28 293
54 110
85 267
61 501
67 332
41 338
82 173
92 493
38 636
81 193
67 610
41 199
20 325
29 208
100 82
42 667
100 351
48 245
32 273
96 498
1 392
43 584
18 214
31 50
79 3
75 591
24 89
95 794
92 358
100 129
86 706
2 486
79 308
52 378
82 277
14 219
68 606
13 229
44 9
43 153
823
f71-ld-kp-34-504
97 257
10 437
48 423
82 319
100 180
74 312
37 32
10 7
45 386
52 395
53 315
39 199
9 301
4 280
70 294
80 296
26 138
74 48
100 63
60 479
39 424
16 495
39 53
81 218
88 366
93 357
96 269
45 165
29 455
40 349
70 345
6 24
96 434
70 355
504
f72-ld-kp-36-747
94 10
86 306
66 689
6 112
86 287
28 491
45 298
57 215
42 111
27 224
95 337
17 664
14 560
71 300
64 81
62 53
1 661
52 363
78 382
55 78
91 48
28 10
12 382
78 303
41 437
6 252
74 647
23 256
53 434
43 320
66 183
36 513
27 589
77 21
59 530
49 112
747
f73-ld-kp-86-175
76 131
99 173
51 57
55 165
48 10
14 92
7 12
92 98
43 8
53 126
44 23
23 158
91 155
2 81
22 7
76 101
4 53
27 21
27 65
79 43
17 21
12 6
3 5
1 86
77 63
98 73
69 137
39 93
72 172
60 75
6 77
82 19
52 101
31 110
70 49
72 68
18 143
28 121
28 59
7 157
10 31
100 44
43 155
30 151
4 171
28 79
59 34
53 5
9 100
90 22
73 17
42 170
85 165
52 124
80 172
81 122
18 34
43 29
47 157
39 71
94 17
16 13
66 90
50 47
3 150
88 142
77 103
13 114
96 78
53 51
69 78
59 159
85 104
26 37
44 21
83 149
12 49
40 26
64 45
10 78
6 109
67 12
33 71
45 152
46 144
6 145
175
f74-ld-kp-151-212
58 30
84 22
33 204
27 177
14 208
3 104
74 22
6 161
60 52
9 42
31 164
24 139
27 28
58 43
49 43
7 105
3 70
12 38
32 204
15 163
96 148
43 67
38 184
97 113
71 39
100 7
51 92
58 87
56 49
84 163
17 162
2 178
35 209
33 171
63 54
50 61
56 160
6 201
22 68
32 85
84 140
9 120
41 49
52 198
92 166
29 210
44 148
30 58
91 5
22 56
81 17
75 162
95 124
19 70
59 70
100 69
38 98
11 23
78 190
42 6
54 6
12 68
37 141
50 54
14 76
26 170
44 127
16 189
34 175
48 53
42 133
66 35
28 189
22 123
68 65
82 47
21 135
55 175
69 28
33 135
3 147
72 9
42 157
38 181
48 166
63 150
76 125
75 115
10 5
51 26
29 138
24 155
3 121
54 78
5 149
91 179
53 201
80 187
93 140
20 106
30 141
95 205
12 29
79 61
75 40
28 91
39 9
63 206
16 53
61 36
11 151
54 17
80 101
74 72
77 29
71 183
42 14
79 22
93 24
4 3
24 138
73 29
4 160
51 188
52 28
51 185
71 46
46 189
32 125
92 191
89 88
84 90
60 204
9 125
21 55
93 93
85 135
65 127
72 56
89 15
73 75
38 41
15 145
54 3
63 84
30 10
86 26
100 59
59 106
16 23
50 85
212
f75-ld-kp-20-596
59 484
71 255
8 25
42 294
82 55
77 216
47 163
21 107
85 531
96 63
37 228
68 227
56 490
64 566
73 179
12 494
53 196
98 371
89 240
49 430
596
f76-ld-kp-184-197
68 42
13 159
21 101
29 113
34 174
44 24
5 191
34 110
92 26
38 117
79 189
4 36
22 194
40 14
67 68
47 57
69 171
22 33
54 187
87 125
78 90
45 24
12 91
70 185
54 189
25 146
53 126
25 121
7 52
24 118
17 120
26 133
85 52
3 2
97 88
63 17
23 46
54 130
72 192
35 48
60 32
54 41
63 138
91 188
87 43
37 43
74 120
58 193
5 106
84 74
77 36
22 174
31 20
87 74
72 142
85 21
27 185
34 42
30 79
72 39
73 129
17 33
27 140
36 27
40 153
86 66
17 8
37 15
9 21
54 26
2 19
65 64
85 66
85 172
64 22
96 90
68 174
83 9
33 97
63 67
9 6
25 35
46 84
59 192
63 31
3 158
21 173
82 89
33 186
5 128
51 29
92 74
35 63
55 76
35 47
72 70
7 178
31 89
1 66
86 29
59 180
74 25
58 100
7 139
55 10
76 79
55 36
93 78
41 40
31 69
10 125
60 109
92 166
90 14
10 53
60 78
67 147
98 188
80 172
9 122
59 40
6 87
64 170
1 7
59 105
44 11
39 92
99 75
21 132
75 187
59 124
7 42
17 115
5 163
26 26
39 30
54 173
100 32
94 176
44 170
65 169
94 7
91 137
86 34
29 164
26 68
9 97
43 105
5 116
73 42
26 16
59 178
42 17
5 124
15 42
55 128
18 152
10 173
52 139
33 12
36 82
6 191
71 37
34 41
86 44
81 143
36 11
68 54
5 175
68 165
91 83
65 153
48 5
80 160
63 178
31 159
58 115
49 28
83 110
34 17
88 155
48 105
51 14
28 37
197
f77-ld-kp-114-590
7 304
26 148
58 413
46 201
9 25
69 214
21 426
62 296
7 586
20 189
41 398
44 576
48 397
39 383
92 198
54 163
17 212
68 111
52 235
42 22
99 362
40 417
81 382
16 76
50 136
5 136
45 509
52 329
34 59
20 404
62 7
58 111
19 574
9 43
6 61
70 575
18 74
68 425
56 387
85 172
91 469
97 442
79 397
38 225
67 340
87 284
49 452
83 409
45 348
61 26
77 530
14 498
42 300
64 203
97 63
58 332
86 74
10 298
20 567
58 161
5 379
57 33
10 543
15 338
44 186
88 30
25 553
41 573
43 87
49 199
52 339
2 318
23 36
94 381
8 579
49 304
96 262
68 138
87 437
88 257
61 400
70 127
9 506
72 218
31 261
88 492
76 274
35 62
77 314
47 11
9 224
29 416
19 330
95 394
33 73
96 425
15 441
55 209
8 7
55 413
50 220
83 442
68 472
46 549
29 318
25 375
91 355
69 366
17 544
92 177
91 268
2 40
71 308
68 321
590
f78-ld-kp-56-501
73 380
25 253
52 434
58 61
88 60
47 323
64 207
6 215
76 352
67 383
34 208
72 385
79 319
86 394
27 90
94 246
99 235
36 367
32 175
2 377
18 24
86 399
58 456
73 466
96 111
60 306
21 369
15 425
49 344
75 39
94 93
2 226
81 180
59 379
82 256
31 234
56 427
44 484
95 497
35 388
66 71
20 266
70 232
46 392
35 133
23 357
10 83
42 61
96 366
5 169
10 360
4 289
66 458
89 350
89 20
16 89
501
f79-ld-kp-158-558
100 1
28 50
48 158
9 231
74 173
99 401
56 488
25 547
33 175
84 264
8 191
51 373
87 415
41 191
59 45
94 346
22 45
26 353
49 74
74 274
64 526
17 46
19 367
24 294
46 269
55 263
16 522
39 521
11 150
54 110
55 537
95 74
6 142
25 178
77 44
18 457
98 138
53 128
42 336
34 222
33 56
42 355
92 353
99 536
65 513
16 457
99 249
36 17
25 188
97 373
27 359
14 181
88 100
57 223
93 412
7 172
8 89
6 303
30 425
32 273
56 25
48 533
33 253
33 525
53 181
85 123
95 105
20 12
89 14
24 117
34 137
52 376
32 492
100 555
79 513
54 538
65 278
33 481
25 230
4 165
68 437
88 84
83 208
35 296
10 219
61 202
79 534
16 525
46 548
22 153
64 285
20 210
39 26
13 504
73 14
45 469
50 334
81 229
75 408
16 202
12 468
27 213
67 62
51 113
66 72
81 342
52 145
67 130
32 254
96 109
99 89
19 101
39 275
13 7
52 464
81 294
51 308
63 290
22 139
43 189
86 168
44 209
35 140
88 104
24 29
56 149
20 97
47 351
15 479
33 321
13 131
67 90
21 162
3 450
50 14
13 130
91 84
78 228
56 388
56 366
22 83
68 249
56 506
78 134
27 200
13 216
54 303
81 82
41 232
67 432
62 114
38 68
65 166
8 187
83 178
18 52
18 126
10 286
558
f80-ld-kp-39-372
45 30
64 159
48 367
87 228
54 322
44 309
80 207
66 241
73 153
72 26
39 311
84 33
45 362
37 63
45 339
23 61
83 21
68 227
26 8
16 313
53 158
83 117
70 86
58 290
47 338
47 20
26 65
44 121
94 362
49 96
89 276
17 39
62 63
20 56
8 140
46 266
78 239
23 187
48 94
372
f81-ld-kp-198-286
75 92
11 243
53 265
63 9
47 169
57 81
24 150
64 15
53 7
4 171
97 9
22 196
68 275
65 11
27 235
97 65
99 95
70 9
72 75
93 171
25 119
92 4
44 281
77 182
97 204
15 198
43 117
58 221
75 250
70 15
9 39
98 55
77 83
71 255
77 41
24 63
85 26
95 215
83 217
53 116
94 277
21 137
70 226
93 146
76 4
63 200
39 35
73 24
52 85
59 5
89 162
50 149
88 153
22 154
78 171
43 164
67 47
80 4
51 259
38 153
58 268
61 236
50 143
12 175
32 90
98 95
34 86
15 240
9 22
12 134
3 191
80 98
28 127
7 74
10 24
48 11
22 136
92 114
62 149
40 183
96 92
19 133
77 236
27 109
65 12
15 117
62 125
43 182
99 36
38 207
76 168
59 111
76 137
18 14
23 47
95 237
83 270
29 149
45 198
8 86
27 174
45 96
46 118
82 79
83 281
11 117
100 197
82 200
81 10
32 35
87 107
3 261
12 11
55 196
68 118
28 167
14 39
25 67
21 116
96 218
29 282
47 75
56 246
10 241
41 54
10 123
69 146
60 158
61 188
63 161
73 78
75 216
69 113
46 77
31 77
87 257
9 212
46 244
85 123
38 240
38 129
82 75
4 91
8 197
74 61
51 146
72 19
15 115
93 164
81 98
39 220
88 116
60 145
75 38
24 213
34 114
21 57
33 34
46 273
39 194
92 168
7 280
18 141
68 272
38 215
43 242
83 109
66 75
2 107
23 58
95 126
89 58
93 253
2 259
10 198
39 39
46 279
69 176
90 157
32 134
36 84
97 17
5 171
32 270
67 137
4 46
98 6
95 134
33 140
3 280
75 260
23 50
14 45
96 211
63 100
97 227
18 21
90 234
286
f82-ld-kp-76-312
67 22
100 106
91 259
44 25
59 189
69 98
21 175
75 208
42 39
91 97
94 147
53 312
26 236
77 166
64 146
53 70
98 154
68 184
36 131
40 70
67 307
60 165
76 140
61 76
18 190
56 254
31 310
63 145
37 218
98 227
45 79
76 239
73 102
50 121
7 9
32 75
66 157
87 270
8 43
80 153
36 79
73 57
76 89
71 222
57 116
61 144
69 52
96 89
45 134
11 168
100 201
87 58
87 243
29 126
15 62
22 48
79 29
44 153
63 31
63 229
33 228
20 241
69 42
32 136
7 207
78 263
76 291
41 38
19 238
23 12
50 169
70 278
5 152
2 282
39 271
35 169
312
f83-ld-kp-189-461
11 357
81 257
92 135
75 115
19 236
65 328
28 243
74 160
6 249
97 225
73 125
56 441
28 232
71 374
99 434
25 183
67 281
28 231
20 380
80 190
76 63
53 262
95 241
82 366
57 131
25 82
74 84
82 189
45 81
82 72
64 47
40 236
17 209
68 82
64 229
62 78
58 355
68 219
25 53
21 367
22 70
30 83
18 137
44 44
16 161
7 349
26 297
46 23
22 118
63 424
37 274
54 333
45 426
47 300
4 23
99 60
29 65
63 459
10 388
28 410
13 297
8 117
46 246
55 320
44 351
4 385
78 334
62 2
8 245
21 24
10 188
51 356
79 328
46 358
80 362
16 253
70 240
90 427
50 318
60 334
39 304
25 13
44 337
75 333
39 347
1 338
26 20
55 216
94 406
33 403
76 283
8 412
51 428
99 292
24 183
89 319
17 170
71 391
52 315
57 25
84 118
84 394
59 336
49 342
66 398
78 352
6 180
10 323
61 432
25 347
12 434
75 354
47 433
63 415
38 434
18 116
22 61
1 434
53 23
29 61
1 364
62 143
76 251
71 42
99 377
18 373
31 67
13 327
62 214
44 14
57 402
52 259
86 429
11 155
59 59
54 100
80 356
2 223
82 3
80 140
76 254
88 387
95 311
93 264
86 363
27 61
29 47
64 204
78 425
61 11
14 242
32 150
95 322
13 419
54 108
13 394
81 139
23 6
73 63
35 233
66 233
78 432
66 148
58 184
48 215
79 389
83 304
74 186
54 386
6 50
40 239
13 67
87 354
69 363
91 291
75 130
16 328
30 441
10 154
54 226
64 210
24 363
80 381
29 383
90 413
22 375
80 349
46 7
11 279
461
f84-ld-kp-160-252
6 91
90 103
88 226
65 70
43 83
62 229
79 159
28 140
58 28
41 244
81 68
98 130
54 201
86 61
34 57
94 4
16 2
27 95
82 79
39 210
82 49
40 17
44 70
53 66
41 236
68 236
3 209
38 26
71 94
67 216
36 151
19 182
9 248
18 170
43 58
76 45
80 217
94 107
47 30
64 150
50 109
66 54
68 92
17 117
95 140
17 182
44 199
82 171
82 190
81 50
21 219
97 174
28 82
42 96
72 243
21 132
28 13
4 95
68 139
11 103
93 14
41 204
38 127
42 233
26 194
80 230
52 195
11 3
83 45
63 86
84 158
88 202
88 187
22 188
93 168
53 68
95 174
54 37
76 192
54 95
43 93
31 163
74 185
57 85
73 191
20 240
70 163
65 31
96 71
64 92
29 164
94 17
92 230
2 159
44 209
6 109
96 181
50 86
78 186
66 114
69 15
71 60
14 8
73 75
17 37
16 77
41 34
53 43
9 208
12 193
29 116
45 99
32 114
17 21
1 89
54 88
75 120
12 163
90 95
27 97
90 252
55 233
20 81
20 18
75 220
31 131
61 240
35 69
7 15
37 3
15 37
87 177
13 4
35 2
63 149
92 174
78 5
83 216
87 115
73 229
59 144
70 180
66 2
10 131
97 162
19 180
60 27
49 218
74 68
12 173
12 81
82 202
85 128
33 71
12 67
11 177
32 25
66 96
20 188
87 220
252
f85-ld-kp-190-297
92 20
67 282
23 138
79 281
55 166
31 194
68 222
72 69
50 157
38 199
16 79
55 122
43 193
74 41
61 53
22 37
8 34
91 232
72 240
56 214
44 15
25 122
22 150
9 84
62 230
39 32
65 142
30 172
92 248
74 20
19 65
59 142
86 235
52 243
67 50
92 222
7 161
100 138
93 141
82 86
18 211
42 258
16 277
14 223
68 79
56 212
30 36
12 248
74 268
85 39
47 190
65 293
57 272
56 277
75 45
88 124
95 242
60 50
16 174
91 269
14 141
89 236
86 277
64 111
39 65
9 204
94 25
22 48
71 273
17 160
94 25
80 293
26 52
2 186
86 230
53 233
87 164
25 61
49 69
18 2
84 155
93 192
89 112
94 46
37 193
96 70
98 51
72 237
38 92
29 80
94 67
14 185
82 150
43 187
71 58
89 279
48 104
16 261
39 40
60 67
63 215
37 138
79 82
68 25
17 197
36 209
56 72
94 269
11 247
40 86
53 22
35 55
77 115
27 184
53 72
79 73
12 257
56 6
62 181
18 184
39 251
10 180
41 122
44 256
92 233
17 112
6 24
22 281
55 250
44 43
37 212
62 33
97 187
82 114
1 144
61 271
70 162
25 262
63 134
97 241
79 284
92 27
19 276
43 251
88 20
53 181
56 240
96 251
66 1
45 141
70 180
6 65
56 152
81 281
86 8
32 192
68 281
6 19
81 170
60 89
20 131
94 49
93 239
31 189
30 144
94 198
67 142
20 138
58 20
67 92
98 56
17 271
23 274
27 287
50 73
11 32
7 40
34 234
6 222
69 17
24 270
55 162
79 254
39 107
47 144
96 166
93 251
99 41
60 111
45 141
297
f86-ld-kp-109-345
61 300
60 247
70 45
39 35
23 104
64 52
87 234
75 64
65 89
69 126
55 67
17 68
21 294
66 162
41 269
29 286
9 173
57 279
61 121
77 143
47 229
66 179
79 256
59 237
30 311
43 91
31 175
43 55
88 185
46 304
23 256
4 216
77 99
48 103
91 143
34 105
46 160
16 303
73 326
62 313
98 29
60 109
46 29
64 47
19 279
33 44
96 91
79 209
75 206
1 336
7 112
95 65
97 13
91 196
75 28
94 67
34 32
9 10
75 24
64 290
50 70
38 281
34 273
14 157
11 306
50 65
92 118
63 269
16 72
33 4
71 91
3 5
27 13
24 144
68 95
18 78
88 102
52 158
17 191
8 315
75 189
23 216
100 293
12 130
88 116
65 324
89 82
73 132
50 90
11 205
69 41
100 258
90 207
11 285
73 108
59 7
93 296
7 65
64 179
7 181
11 303
39 140
43 29
48 335
6 254
31 288
52 293
58 180
20 202
345
f87-ld-kp-44-304
6 37
6 69
31 171
51 271
99 179
87 148
30 93
36 21
43 282
63 259
48 168
46 212
20 101
71 94
38 290
16 97
15 232
90 151
79 283
82 100
28 168
11 213
100 95
57 13
95 268
37 110
44 62
51 1
79 70
99 138
63 266
61 290
70 92
60 160
12 251
74 101
71 64
18 221
80 14
47 123
4 160
83 156
95 13
6 277
304
f88-ld-kp-183-260
16 55
69 5
35 29
32 48
31 225
75 41
4 136
72 205
27 10
17 252
1 100
22 72
88 7
80 109
85 175
97 186
8 120
77 137
46 5
59 207
1 57
28 215
68 238
25 58
42 156
6 20
93 70
29 102
70 21
99 90
44 252
4 121
95 40
46 75
88 232
24 235
67 25
21 169
15 177
18 121
69 123
92 135
3 191
97 38
65 14
26 171
28 70
50 217
64 242
76 24
97 9
55 210
58 126
78 112
44 142
53 42
7 109
96 113
30 77
71 195
72 217
38 19
52 118
73 50
67 222
78 244
60 101
71 75
87 162
26 256
45 106
23 125
16 142
82 25
62 80
35 143
68 150
43 113
46 114
43 59
9 119
96 8
92 92
39 65
28 163
11 187
45 198
85 197
13 32
2 137
72 13
8 149
14 46
24 47
15 114
28 124
73 122
45 250
87 17
100 86
52 235
94 52
31 9
94 43
35 78
27 179
90 50
74 111
88 249
47 156
81 216
84 230
95 68
28 158
100 38
98 194
20 76
78 24
62 65
34 148
9 167
30 34
82 22
88 56
96 257
31 33
96 176
71 246
36 194
8 132
84 140
13 114
19 123
28 260
67 170
26 63
26 61
93 260
77 151
98 240
18 147
67 108
51 30
96 193
76 119
85 152
32 242
89 195
4 241
80 110
15 189
95 10
54 121
28 77
56 32
40 171
35 2
50 103
68 229
46 65
67 144
20 194
2 25
87 156
15 148
90 247
40 44
96 55
53 190
65 189
36 213
44 89
45 145
28 227
66 53
49 36
54 240
92 125
6 117
41 201
53 236
8 26
35 108
260
f89-ld-kp-72-388
53 30
64 164
57 315
96 70
6 139
1 120
3 290
47 287
57 74
67 194
88 314
6 312
93 254
88 57
60 106
28 215
42 358
28 289
100 216
54 85
44 311
5 86
11 302
5 321
25 99
50 72
100 110
61 161
43 48
67 356
92 151
41 273
17 307
20 252
15 123
33 215
5 237
86 379
30 46
45 320
96 278
18 51
93 328
28 224
4 222
88 233
64 129
56 233
14 95
47 7
77 305
95 315
60 371
20 303
22 295
13 224
53 333
52 105
25 387
37 240
57 193
47 218
81 316
52 296
68 160
60 273
88 166
69 322
73 53
89 384
21 98
43 317
388
f90-ld-kp-125-681
51 225
88 27
83 281
40 373
5 54
27 414
1 561
27 455
56 674
73 437
26 407
10 507
12 268
28 398
9 406
44 447
29 43
21 678
71 170
12 425
50 615
70 64
15 353
89 615
94 416
1 446
77 357
27 15
57 532
29 68
40 379
41 640
84 485
36 301
68 536
43 74
20 14
84 581
17 510
47 333
58 385
46 351
8 623
36 586
90 606
93 553
34 259
21 524
54 628
94 281
91 432
94 463
73 485
39 574
53 232
27 259
48 617
70 93
11 663
3 52
60 39
82 210
22 185
78 362
24 116
86 352
28 305
42 476
83 86
28 487
70 417
5 279
26 224
23 43
74 574
44 519
50 74
71 46
50 61
51 371
10 345
96 343
81 165
55 454
50 571
26 531
6 166
13 487
97 666
26 176
80 578
21 269
40 643
7 349
5 596
46 199
65 451
51 444
97 216
22 434
92 109
58 569
53 493
31 218
29 575
78 177
44 159
67 106
86 56
35 468
84 572
29 586
31 668
56 23
99 318
64 29
1 589
88 510
18 414
22 477
59 235
29 117
49 179
54 5
65 520
681
f91-ld-kp-28-532
35 56
4 158
6 485
88 478
70 202
57 385
33 156
35 195
51 109
9 489
11 178
15 230
92 69
12 217
27 228
76 271
51 67
76 195
65 116
26 63
23 49
40 527
63 167
85 338
58 77
19 71
26 125
25 41
532
f92-ld-kp-65-696
68 286
15 260
77 341
19 258
18 495
45 77
21 628
74 300
64 165
85 274
96 103
79 236
78 86
50 682
74 544
21 353
38 517
95 54
70 250
44 381
29 191
61 326
97 470
54 316
87 569
84 420
41 135
54 468
46 358
67 192
74 491
45 366
42 424
70 164
24 663
51 537
53 297
55 406
3 468
87 207
62 555
48 77
89 421
2 533
55 396
26 629
22 23
30 671
48 535
72 75
76 598
91 649
68 172
98 503
48 12
1 627
32 379
76 664
3 137
74 689
27 340
62 186
3 339
76 504
99 190
696
f93-ld-kp-37-455
88 96
78 57
89 282
72 162
34 30
15 337
40 213
5 280
52 194
79 340
31 225
39 395
45 308
94 203
26 32
39 431
24 349
81 137
12 41
28 99
6 148
39 444
86 419
42 455
49 285
67 166
27 357
14 218
79 436
97 173
23 238
84 241
39 24
9 233
47 102
58 47
61 358
455
f94-ld-kp-196-870
40 813
59 814
67 534
49 21
2 694
19 340
97 752
84 470
61 139
84 207
21 800
14 694
16 365
5 847
59 518
99 312
19 389
88 701
10 382
32 78
45 46
26 422
20 747
30 343
80 59
95 173
23 530
57 552
16 571
87 522
56 766
60 785
92 824
79 870
61 565
58 505
22 40
26 638
16 26
65 614
19 251
31 805
80 319
30 829
10 536
91 850
95 90
72 119
23 494
96 843
43 210
20 80
22 404
85 6
78 379
26 162
13 289
13 206
81 324
55 121
53 635
82 114
3 419
91 501
39 434
77 514
78 325
78 728
50 525
31 663
85 156
99 241
22 600
15 3
17 712
51 46
25 484
91 250
23 857
78 846
33 242
71 352
50 1
21 473
23 187
98 66
88 511
35 393
61 42
37 855
77 383
70 620
12 417
15 537
32 497
2 662
49 280
83 456
32 390
60 341
74 23
35 17
3 495
97 499
46 56
29 852
75 441
1 383
11 457
89 124
7 523
11 169
54 366
54 153
60 580
81 516
44 541
47 24
17 28
85 236
46 430
44 47
64 180
79 358
57 843
99 112
9 381
12 52
6 64
45 369
60 745
41 4
90 799
32 537
43 762
17 310
1 200
95 102
26 368
76 326
59 121
56 620
52 216
1 28
96 299
28 625
9 271
48 108
65 193
28 475
63 269
65 439
94 355
44 503
72 575
74 213
30 792
79 450
98 4
80 784
33 190
68 485
100 171
80 172
45 228
47 238
25 350
42 163
40 766
44 555
53 799
53 392
77 30
59 649
33 276
7 78
71 712
55 221
51 568
92 734
59 444
8 432
6 562
76 230
3 381
53 171
17 36
93 612
21 753
52 715
17 482
1 570
73 775
77 439
75 437
17 265
870
f95-ld-kp-107-838
37 515
73 677
12 214
91 788
58 93
91 318
12 709
18 502
60 738
29 187
33 666
37 93
65 149
53 307
42 532
44 678
72 572
12 96
46 61
70 665
24 54
99 192
80 500
44 650
97 422
32 160
96 380
45 751
13 248
8 22
90 759
38 225
34 665
65 552
65 647
78 596
43 349
60 600
92 828
99 672
97 781
71 320
37 321
24 600
4 466
34 225
33 455
26 659
11 432
57 499
71 545
7 203
73 395
56 618
48 250
36 241
48 629
23 432
48 170
53 102
1 593
66 102
62 107
18 160
89 820
98 587
68 46
6 764
82 788
40 3
43 480
46 99
97 131
54 300
34 472
74 134
77 473
30 143
32 626
55 605
63 97
22 527
38 722
51 689
20 28
53 186
32 837
18 579
48 549
65 482
43 240
8 430
88 820
25 582
21 509
2 86
74 624
72 267
37 89
47 506
82 446
83 79
31 808
69 408
41 604
9 566
98 174
838
f96-ld-kp-170-59
33 5
54 51
8 31
71 44
4 31
12 2
5 14
90 52
23 46
65 17
73 44
78 39
86 46
46 40
26 50
35 45
34 47
44 9
63 40
1 57
58 56
36 44
34 32
50 43
97 5
57 48
89 11
37 2
63 7
71 15
97 35
12 24
29 26
39 51
44 11
97 36
52 32
15 34
57 30
48 52
50 24
53 2
69 47
33 13
95 20
90 38
71 57
58 33
22 46
73 39
7 31
12 32
66 6
15 23
39 22
74 50
19 12
25 10
99 14
48 22
26 49
13 13
26 24
33 34
50 8
9 57
98 11
55 16
85 53
91 27
56 3
19 12
75 50
3 52
73 23
11 4
23 27
2 6
84 47
79 30
58 30
52 39
83 59
73 39
44 24
48 15
10 39
63 25
28 34
56 38
43 30
25 42
43 7
42 23
53 49
75 58
39 13
59 18
17 52
91 34
33 54
92 1
13 50
6 34
57 4
34 17
63 44
72 22
14 23
87 27
17 27
100 50
14 15
47 13
24 11
16 40
49 34
51 59
54 20
78 9
47 45
68 14
15 10
44 14
47 24
61 48
17 11
96 20
5 12
11 53
70 20
7 49
91 17
30 20
41 9
76 25
65 45
82 27
33 32
7 15
28 3
31 11
6 51
75 15
35 33
40 5
49 55
99 25
57 16
60 6
74 46
45 21
54 14
98 6
41 25
7 53
18 58
78 58
51 13
36 26
25 24
51 1
79 43
30 25
80 31
18 20
12 55
40 43
86 53
89 8
59
f97-ld-kp-46-520
49 380
98 315
25 303
15 455
68 214
62 508
13 512
44 116
57 442
96 515
63 185
6 329
30 258
87 411
64 77
62 245
37 215
47 347
49 109
73 223
22 105
48 244
42 337
26 276
33 383
50 44
27 506
74 476
39 2
96 311
88 68
56 516
20 375
28 83
43 98
17 196
50 312
65 123
59 347
80 404
32 106
25 326
64 243
81 462
18 162
15 112
520
f98-ld-kp-135-416
48 310
22 263
59 378
95 371
83 76
58 331
58 133
56 158
78 102
92 205
60 328
85 149
80 134
100 135
95 150
87 235
100 286
32 389
88 261
98 12
71 403
79 213
38 186
73 206
6 98
52 156
99 300
40 74
5 353
29 158
32 196
25 416
85 81
79 92
21 388
43 210
68 300
99 395
38 326
46 29
62 132
33 1
2 262
97 183
34 131
15 355
12 142
28 354
51 175
50 308
7 61
76 47
26 4
62 127
88 157
35 254
5 85
18 22
86 223
81 224
66 111
8 72
20 142
61 86
27 103
66 158
52 87
37 193
78 95
65 67
83 320
16 254
65 58
53 325
41 348
8 40
84 30
91 394
22 255
62 231
26 327
89 254
69 34
88 13
22 349
8 110
21 220
34 410
10 40
10 267
61 119
75 158
9 297
71 237
65 135
35 207
23 128
48 303
38 398
62 326
81 239
16 360
13 238
36 311
95 221
97 286
49 41
57 149
85 68
23 327
83 76
7 200
24 364
50 212
56 144
21 380
75 243
22 60
19 44
53 84
48 50
12 289
28 290
76 296
74 181
35 4
17 37
42 364
100 400
9 167
44 284
7 101
36 8
83 140
88 83
416
f99-ld-kp-140-701
40 583
20 547
56 35
2 617
89 291
60 210
26 165
56 574
22 595
3 508
93 634
94 98
89 488
20 67
74 148
25 557
37 134
90 562
62 507
58 89
6 96
82 674
18 679
93 461
29 555
78 21
58 57
46 88
27 248
53 101
34 389
2 269
4 278
9 143
34 575
99 384
100 286
71 686
60 134
22 43
51 351
17 336
60 89
53 693
37 665
59 382
7 188
92 673
14 389
72 646
69 588
85 203
97 380
34 349
74 243
88 209
88 188
38 422
99 681
15 56
62 676
90 482
100 418
23 215
80 283
55 146
36 539
13 599
83 270
36 594
63 531
98 698
34 700
90 459
46 504
58 55
5 174
78 693
13 537
53 116
34 493
50 265
40 686
54 587
23 547
53 567
99 589
98 276
31 473
9 159
81 663
28 246
11 389
16 590
31 369
91 643
33 338
85 332
89 659
23 599
4 570
99 109
84 86
19 487
88 125
99 416
36 559
70 112
17 380
33 590
88 96
71 148
71 694
92 159
93 11
22 617
71 462
95 202
81 511
58 304
65 241
77 661
1 14
7 524
39 439
30 324
93 17
70 330
18 262
48 317
87 427
41 26
82 695
96 250
38 66
7 238
99 259
36 570
87 199
76 470
701
