f0-hd-kp-72-221
61 27
88 171
58 254
81 82
61 245
73 172
103 139
68 75
110 96
94 242
90 332
71 226
36 139
36 94
141 265
51 132
60 225
124 148
126 287
107 240
50 262
64 156
146 133
79 334
43 198
79 34
123 130
102 210
116 100
90 143
5 265
104 207
111 156
139 49
73 299
41 90
157 228
6 240
48 224
105 238
16 147
61 269
81 85
136 169
81 95
102 31
50 193
31 185
40 259
71 104
99 177
20 313
77 231
131 145
124 254
112 178
153 320
43 85
52 173
26 156
123 185
129 292
60 316
138 123
91 152
70 282
96 267
155 115
109 347
110 75
55 286
127 45
221
f1-hd-kp-19-466
68 486
135 621
83 731
66 157
18 499
55 456
103 313
132 601
9 374
93 644
77 486
41 604
90 560
69 583
90 542
42 352
96 167
27 527
73 316
466
f2-hd-kp-16-392
43 234
31 168
52 477
105 357
110 352
76 250
39 357
160 458
53 468
119 493
139 473
19 170
45 285
63 254
84 493
105 406
392
f3-hd-kp-142-685
111 519
109 675
93 211
89 362
73 638
44 818
20 1059
81 431
63 1059
62 769
107 566
149 415
150 179
27 505
110 785
67 671
50 700
33 566
12 624
103 592
88 711
119 945
27 803
127 591
22 575
25 186
58 677
156 891
15 526
122 710
135 317
68 459
74 648
78 336
64 686
93 311
76 525
132 769
132 701
40 662
88 826
81 722
25 345
108 522
98 217
26 197
81 530
156 866
95 306
89 418
74 596
129 638
136 538
112 694
52 543
13 120
81 420
38 739
58 470
44 485
161 861
83 656
101 332
22 887
109 1027
112 591
140 491
117 401
102 579
44 529
85 330
76 561
17 865
76 276
48 521
98 1035
118 577
60 603
93 434
150 656
146 352
25 310
111 742
51 760
86 728
40 443
9 407
162 480
35 748
78 256
100 463
135 386
117 325
87 625
118 266
121 438
89 345
68 581
160 300
104 667
90 1012
94 627
123 952
45 592
48 624
28 407
90 609
71 577
100 868
95 857
60 260
58 754
25 696
64 884
85 522
30 860
126 977
84 793
106 100
131 350
132 199
22 876
41 337
32 437
24 616
123 791
80 828
85 670
68 420
87 376
119 444
15 733
104 434
143 878
131 655
32 529
79 785
43 611
98 578
70 543
73 261
71 541
685
f4-hd-kp-131-401
129 189
37 298
52 269
8 474
124 414
63 349
145 137
92 108
45 169
103 606
39 185
52 506
35 236
104 338
115 245
106 326
34 162
116 396
26 24
57 349
89 569
133 495
103 513
117 540
122 431
32 245
102 468
71 403
118 257
41 235
45 369
88 580
97 459
82 537
87 370
49 308
48 276
158 234
109 449
87 128
124 89
54 324
51 448
37 229
76 455
105 223
138 95
75 159
108 617
109 371
7 151
25 608
93 397
130 121
103 399
132 590
46 125
68 100
110 409
34 543
116 620
94 122
29 444
23 328
115 392
141 208
76 377
70 309
95 212
65 503
109 276
53 462
39 480
123 218
99 496
40 273
95 379
38 185
80 218
83 527
21 497
109 437
140 545
47 323
93 261
78 195
140 375
57 57
49 278
34 146
154 386
146 102
142 647
51 332
75 271
23 366
54 312
108 110
95 112
106 421
147 584
112 516
58 473
101 383
58 394
85 420
74 530
73 628
55 402
76 282
77 478
48 420
80 408
106 365
100 560
130 630
60 298
14 278
111 575
130 358
74 248
79 612
105 277
77 302
74 257
64 441
67 537
109 469
18 154
99 183
85 550
401
f5-hd-kp-110-109
26 64
160 174
63 106
140 181
136 116
100 105
73 91
99 60
112 73
69 74
92 141
49 114
117 130
106 75
114 69
79 126
79 121
76 121
115 48
86 116
107 131
127 83
84 84
104 89
42 84
97 154
68 90
119 49
142 119
88 48
42 40
85 44
131 142
51 77
78 90
90 56
95 83
125 86
113 111
121 81
105 97
148 146
53 144
63 16
39 113
69 150
155 42
123 90
115 99
137 126
90 96
31 67
100 82
94 100
128 56
149 159
75 109
119 80
40 119
47 51
25 92
66 45
81 147
96 20
89 124
37 102
137 115
83 133
80 126
117 15
134 106
83 85
40 23
50 131
56 29
39 74
108 96
133 58
102 133
58 87
100 73
103 84
132 142
166 77
126 172
48 92
115 118
51 101
107 144
31 21
67 133
86 46
103 103
113 27
101 55
133 155
15 110
128 92
75 81
159 99
146 92
61 59
97 157
91 95
152 104
90 120
60 150
61 97
89 71
37 157
109
f6-hd-kp-46-566
87 225
115 461
102 570
123 763
62 552
86 650
86 509
31 555
82 108
78 276
4 475
113 190
108 460
80 568
86 554
94 389
102 729
28 390
121 612
57 655
68 494
55 940
90 387
153 337
74 522
128 632
20 350
119 360
138 384
72 488
129 775
49 779
27 836
65 676
97 386
110 463
153 354
71 671
102 240
154 570
85 222
33 410
26 458
52 843
130 318
52 732
566
f7-hd-kp-176-204
151 66
37 205
45 305
56 206
131 81
113 138
49 58
145 263
107 236
64 262
110 214
14 136
101 103
29 191
97 137
132 59
89 290
128 172
89 168
142 203
69 136
91 159
67 149
87 122
82 224
24 113
105 204
61 200
135 120
109 106
20 128
111 213
54 216
82 182
35 70
143 216
123 112
50 310
93 147
128 189
108 262
161 310
81 277
149 261
106 214
144 223
141 301
61 106
48 100
128 117
133 117
106 229
100 132
42 323
139 307
73 86
46 225
33 196
38 102
60 256
106 245
104 210
64 154
93 116
124 199
141 169
82 189
45 255
94 74
119 139
48 205
84 178
105 208
70 230
97 273
69 292
102 75
87 188
106 129
123 118
64 114
84 118
85 227
107 260
16 199
82 167
117 262
6 111
98 107
99 207
101 186
160 255
37 147
34 148
128 120
61 188
30 135
111 144
97 98
52 148
82 50
3 260
64 127
123 171
123 65
73 162
123 69
84 48
39 147
71 75
36 206
76 293
71 159
21 304
16 279
38 178
16 285
95 278
36 219
75 120
19 126
78 185
32 119
148 245
110 59
66 222
67 164
38 147
100 202
68 262
55 13
16 148
146 121
85 210
81 211
72 126
86 104
127 94
79 265
139 166
102 204
98 316
113 230
63 180
151 70
108 152
62 199
121 102
104 284
157 163
74 74
128 217
104 120
128 237
131 198
56 95
120 174
72 202
77 63
54 301
155 291
73 265
109 138
154 97
59 223
47 295
95 238
79 203
90 156
101 203
32 178
119 122
49 188
104 100
85 133
130 145
204
f8-hd-kp-68-332
130 146
82 80
94 167
125 327
78 222
55 278
45 309
112 149
83 125
135 493
100 467
58 258
77 450
56 460
129 426
52 430
116 314
82 320
66 275
120 506
137 457
45 260
132 463
83 311
133 481
46 484
38 347
87 181
43 292
69 527
56 377
120 458
64 195
78 211
67 489
114 65
65 265
42 136
34 356
25 378
47 467
97 363
78 181
97 333
35 301
58 359
62 443
69 295
112 199
93 210
115 60
93 286
83 354
81 244
107 216
120 148
93 317
120 326
105 114
150 287
98 294
101 376
104 399
21 219
115 217
79 144
97 208
74 103
332
f9-hd-kp-53-724
92 872
65 288
49 506
151 779
82 928
24 623
88 820
102 238
56 784
135 950
88 418
97 906
102 785
19 866
142 489
38 163
123 495
81 819
108 767
25 979
79 79
92 942
93 1025
84 838
88 694
114 462
88 1112
142 824
124 940
87 129
74 304
135 879
115 366
158 935
92 421
134 379
131 859
120 426
72 902
89 756
130 579
53 641
69 557
81 95
83 854
131 864
142 553
65 282
121 572
31 39
60 693
130 973
65 714
724
f10-hd-kp-118-207
124 230
95 137
24 117
46 290
154 189
43 122
67 246
39 114
24 132
99 124
71 245
24 140
82 221
102 257
24 195
115 143
116 239
142 187
91 41
87 167
104 162
95 219
120 165
61 83
81 94
161 164
97 71
15 187
67 110
106 138
96 195
89 58
113 328
34 126
150 136
96 251
83 224
144 128
162 217
100 155
122 88
140 140
85 172
61 235
98 116
87 123
126 260
53 225
67 136
39 171
56 186
116 147
88 226
76 139
89 285
121 134
137 236
95 205
132 317
57 218
124 332
120 243
104 260
108 104
140 322
78 192
47 185
76 161
33 227
106 105
79 202
67 76
99 94
71 281
20 163
56 183
76 122
88 20
100 204
52 278
97 273
110 167
118 235
144 265
105 200
35 102
56 161
134 232
87 261
58 307
161 177
21 115
127 300
43 142
94 220
107 299
66 258
13 98
72 190
86 57
58 66
19 101
99 217
135 129
112 59
91 332
44 219
43 229
166 329
108 27
145 178
36 176
82 151
75 131
66 278
31 228
32 191
52 279
207
f11-hd-kp-157-52
138 56
65 56
89 44
12 67
69 57
132 39
122 58
97 67
106 67
62 60
56 53
95 64
96 55
101 33
109 28
42 30
95 65
68 6
24 20
48 43
12 22
138 10
68 30
145 35
161 50
21 25
12 5
78 33
59 43
21 40
88 81
109 74
77 53
69 67
36 51
96 47
56 48
52 47
111 65
109 45
170 43
82 6
115 34
137 55
102 30
13 20
71 28
56 56
129 16
37 53
101 43
120 56
77 56
24 79
95 52
69 42
19 31
81 58
73 38
89 38
66 31
72 54
74 48
110 64
4 47
143 79
112 70
104 60
52 76
60 59
118 76
61 46
125 59
127 32
129 36
73 34
56 52
103 61
76 21
80 44
4 59
122 46
60 69
48 27
48 52
85 40
109 37
80 46
16 60
84 51
132 43
104 47
120 57
77 47
107 84
48 36
26 49
79 16
67 22
72 46
78 39
34 39
106 26
126 47
78 74
122 57
90 54
87 51
34 62
91 26
150 41
64 70
114 19
104 70
73 44
71 18
114 33
90 55
62 68
23 46
65 49
93 18
132 37
88 34
114 32
71 74
88 22
58 62
106 26
49 49
57 54
66 11
115 70
150 42
51 50
77 47
74 24
63 46
136 28
37 29
45 16
66 53
125 40
50 20
69 37
79 33
162 58
93 70
59 62
74 43
94 52
77 28
65 84
89 9
20 38
59 69
66 45
52
f12-hd-kp-69-446
86 268
97 627
107 185
72 222
85 552
46 414
117 560
50 529
108 613
128 493
57 213
71 496
66 253
51 404
90 495
19 427
58 334
25 463
86 287
70 387
32 373
32 718
49 25
47 485
31 229
116 404
136 277
64 473
71 369
40 243
16 458
72 609
66 353
65 333
55 592
78 326
57 227
81 579
138 518
111 253
44 741
40 69
75 299
130 174
29 597
37 343
99 295
96 357
76 652
49 203
93 735
163 306
107 262
164 662
120 436
93 330
112 370
10 469
27 597
150 282
129 595
43 633
70 428
151 218
58 714
82 64
84 389
109 273
31 137
446
f13-hd-kp-186-360
72 452
106 391
155 518
63 337
50 218
116 196
53 198
9 65
92 292
76 91
113 343
53 369
113 227
40 564
112 393
136 207
164 18
98 580
83 119
101 279
85 347
21 564
113 72
29 146
44 400
58 193
68 98
64 197
109 280
82 328
82 427
98 179
80 224
60 439
54 312
42 194
43 244
43 210
33 376
67 106
45 318
142 294
59 246
94 310
95 359
154 213
94 5
90 274
121 447
68 550
59 389
60 288
84 183
133 496
111 450
82 272
62 227
166 352
125 560
62 111
36 268
16 152
104 366
127 368
111 180
115 469
54 330
25 36
70 52
99 528
81 319
85 483
138 318
77 115
107 362
133 50
68 163
81 603
130 537
42 232
15 588
112 255
111 306
53 410
55 444
48 432
103 152
67 194
71 315
113 288
104 200
96 301
103 301
125 178
140 338
47 371
96 351
53 64
71 209
24 403
114 199
93 47
86 469
88 42
117 135
73 301
80 19
70 198
89 275
138 199
108 279
88 210
107 92
54 72
150 328
67 184
21 216
67 139
84 525
154 398
150 336
117 210
157 339
68 180
66 28
71 313
68 294
49 400
86 330
92 458
50 366
138 274
74 287
56 575
126 553
94 270
109 178
105 281
95 85
135 192
101 549
81 292
87 264
121 281
152 345
147 322
127 100
84 405
23 251
132 105
146 393
31 198
12 335
143 401
39 451
34 306
8 247
63 303
130 566
76 464
51 187
76 338
121 464
67 224
64 176
114 317
42 502
143 226
43 266
72 380
38 79
55 387
43 348
86 38
42 355
86 429
127 472
62 338
84 390
104 560
126 511
79 106
61 376
42 386
103 484
124 181
360
f14-hd-kp-200-494
76 586
124 42
145 420
74 209
53 256
116 350
61 658
60 409
130 691
69 280
89 265
153 696
86 530
110 450
101 75
72 419
84 356
53 624
112 401
54 638
125 165
97 520
108 297
59 371
77 410
60 67
114 731
70 536
28 209
108 191
129 578
69 41
54 693
94 554
53 544
91 68
125 399
117 200
105 337
91 660
85 59
87 607
93 131
121 305
81 488
20 580
48 154
67 275
90 400
70 724
121 152
64 264
81 598
90 260
70 218
101 257
128 772
41 373
80 784
81 748
121 194
34 69
35 818
90 649
25 705
112 786
94 435
127 413
72 222
164 773
48 540
138 615
135 265
26 248
57 747
22 463
75 393
92 378
139 637
155 531
75 312
30 489
47 270
34 533
88 362
109 195
134 552
111 352
63 149
70 367
73 493
118 418
72 290
54 51
30 710
63 379
38 219
40 118
59 676
117 706
36 419
30 678
123 557
72 503
62 778
72 591
146 383
75 300
159 297
26 263
33 429
83 386
93 306
63 304
121 687
21 340
98 522
138 415
45 631
136 560
107 99
61 238
69 532
130 353
131 162
103 172
140 351
124 446
112 763
70 233
67 737
65 558
132 23
64 463
104 303
96 156
93 398
104 639
118 349
106 279
91 486
81 387
34 403
155 316
67 251
87 302
34 623
93 342
86 352
69 555
59 520
140 457
122 168
43 19
76 537
86 510
89 537
44 514
82 94
67 477
124 224
70 682
7 699
72 689
43 579
99 441
41 132
71 563
26 557
67 341
109 671
92 328
22 500
45 310
84 236
124 150
77 427
106 745
107 252
163 184
51 557
112 560
151 208
64 512
117 303
77 509
65 695
107 433
39 314
39 453
93 306
42 246
120 116
82 169
92 408
104 210
63 245
107 379
102 301
75 403
494
f15-hd-kp-146-953
135 307
51 688
87 662
115 668
58 1402
118 825
47 153
97 1272
65 659
102 899
130 546
74 1068
102 1452
86 594
128 1170
60 486
124 816
68 1448
65 1494
120 369
143 1058
95 369
120 861
70 437
27 1060
104 1171
124 1451
85 1078
58 1155
77 1203
51 1310
140 416
59 745
64 616
128 504
75 587
55 136
98 410
111 900
40 419
121 1291
84 708
78 682
66 1088
41 1288
86 1066
73 448
136 224
56 575
102 849
91 762
90 519
78 1215
44 798
132 633
115 1062
45 1188
34 954
112 1159
98 383
138 523
60 571
72 297
65 1093
44 616
131 724
77 863
113 1350
34 587
59 298
78 746
85 792
50 843
75 932
76 480
82 1036
108 913
127 939
113 667
84 927
147 329
135 1357
103 1037
44 841
41 896
68 926
125 595
55 282
95 550
98 543
134 788
96 1060
93 835
77 1162
53 1266
64 526
68 1049
134 151
50 608
62 1051
156 640
79 1208
32 557
73 1080
64 905
37 1004
136 1275
87 1180
109 978
86 1470
42 948
105 1236
26 1173
127 547
127 770
87 1193
60 782
39 411
118 873
121 815
96 913
62 1335
103 1232
82 585
122 1496
139 904
72 1289
157 417
120 1081
59 1310
113 1401
142 1302
108 967
137 1000
66 522
142 190
75 729
32 455
161 756
42 787
18 1243
72 264
125 479
105 1095
127 737
86 1004
953
f16-hd-kp-132-88
46 86
74 59
30 49
46 45
29 13
132 148
40 88
44 23
124 112
83 83
106 96
88 17
83 63
99 52
85 75
65 120
70 102
56 64
103 83
85 67
112 98
52 44
64 81
20 121
63 128
116 116
113 127
119 84
122 104
106 40
69 38
53 67
61 45
137 139
44 13
109 90
82 95
96 53
105 108
87 97
43 126
48 77
93 81
126 72
52 93
74 106
93 98
87 67
114 96
61 92
126 59
117 81
137 72
116 22
56 79
44 80
93 44
45 69
88 81
58 44
153 57
154 56
92 86
73 94
115 113
90 82
62 68
145 140
42 109
109 114
134 31
37 127
80 84
104 97
140 90
51 67
103 133
154 47
67 55
102 46
66 27
49 81
125 51
25 55
136 94
104 111
65 96
61 75
133 56
99 89
65 127
113 56
129 20
62 142
123 65
31 101
48 83
102 120
160 94
65 123
57 79
44 42
58 111
69 74
64 74
13 113
106 70
11 108
75 125
16 96
86 44
111 64
92 69
154 72
92 81
138 96
60 12
108 52
135 21
62 60
79 50
73 117
8 56
135 39
100 47
101 115
94 28
107 120
61 75
66 71
102 32
124 125
88
f17-hd-kp-199-80
33 6
118 40
117 113
90 64
43 95
37 87
159 95
87 66
98 42
142 81
96 118
79 39
64 87
116 46
134 73
100 79
115 71
101 30
68 122
105 90
4 90
32 46
102 108
45 83
36 104
101 95
96 50
66 73
83 76
88 115
127 80
86 108
157 81
94 47
107 53
104 45
58 62
51 74
85 116
76 69
130 87
101 65
76 78
61 68
64 63
100 78
70 82
54 114
19 67
149 96
33 50
31 67
99 39
47 120
90 35
119 36
19 76
141 36
88 32
108 69
121 88
47 123
94 32
88 37
47 41
149 60
64 70
119 96
80 58
64 98
60 93
80 64
99 40
126 51
91 75
118 50
64 13
89 42
119 109
123 37
91 40
53 71
18 21
66 85
87 78
34 48
80 101
88 48
94 83
98 103
75 84
112 77
56 90
82 49
41 106
138 93
91 41
32 63
50 75
86 74
100 65
94 78
101 101
45 87
145 44
133 35
87 90
71 14
55 44
92 91
74 83
137 128
91 72
120 49
135 92
76 92
99 28
64 83
99 64
109 70
24 67
96 35
61 55
51 79
49 29
52 106
69 16
36 53
88 63
50 94
115 18
76 77
121 19
54 40
72 48
46 117
132 36
70 85
65 73
105 103
81 88
157 65
124 45
111 73
25 33
60 75
91 40
89 89
56 36
37 46
126 84
60 61
59 108
44 98
63 43
110 49
74 25
5 96
88 41
49 16
63 7
108 33
84 80
48 54
141 67
83 66
99 22
42 71
11 106
136 75
72 84
97 34
78 104
64 59
113 93
129 28
130 73
72 80
77 20
130 44
94 46
61 15
68 22
69 121
93 22
123 91
66 86
148 40
100 57
88 72
86 85
70 74
26 40
60 66
95 90
120 80
132 70
141 111
99 89
80
f18-hd-kp-31-825
134 183
90 260
70 622
87 369
25 891
113 474
107 563
121 209
13 705
117 393
55 991
83 660
162 814
89 278
40 896
141 294
143 463
39 187
67 777
135 97
50 1226
52 1209
72 961
61 848
121 786
133 818
69 1112
98 835
146 333
88 571
102 194
825
f19-hd-kp-147-517
73 621
91 696
80 322
125 218
77 383
60 598
93 464
105 495
37 305
53 82
113 133
75 644
141 538
83 536
158 218
85 535
111 834
28 497
47 411
37 593
97 746
88 653
69 249
91 611
44 261
61 561
51 284
105 517
54 155
104 619
96 512
121 601
42 339
48 324
25 560
21 735
82 175
87 389
142 8
100 646
85 616
63 401
142 765
127 399
82 728
96 421
86 522
65 741
78 715
96 447
134 234
114 537
85 445
137 790
40 47
137 620
30 445
141 551
89 246
118 596
85 476
112 585
23 648
130 364
107 467
41 465
58 421
42 315
53 199
33 509
115 514
59 762
57 596
46 490
74 175
57 270
90 480
139 447
86 331
82 235
44 439
29 546
21 181
140 372
62 685
113 632
88 327
90 387
47 620
99 358
60 264
81 357
90 433
67 251
145 645
43 356
112 492
78 404
95 351
70 307
75 684
146 502
80 587
71 591
117 329
75 604
114 416
33 104
94 424
15 658
18 453
63 338
142 832
102 255
115 407
107 361
104 505
124 362
35 724
41 571
62 324
85 410
57 468
91 458
101 443
27 123
47 517
80 471
48 638
33 544
84 253
112 465
77 381
64 696
83 665
61 739
41 195
88 575
78 522
52 591
45 355
73 552
71 469
112 431
94 227
118 533
121 111
517
f20-hd-kp-123-622
65 926
43 523
114 109
71 753
12 336
118 169
31 448
91 575
78 320
93 449
114 117
90 470
79 449
123 837
119 795
120 455
51 326
87 332
58 597
85 496
64 122
105 624
57 878
101 641
90 412
84 235
108 843
71 399
80 567
144 563
114 472
34 1002
80 961
128 539
108 343
53 529
86 381
58 723
145 948
42 797
53 640
41 167
96 559
103 149
114 793
141 322
84 625
83 801
101 576
122 122
159 330
121 431
101 550
36 677
123 449
143 338
142 503
43 582
127 473
87 804
80 55
84 861
100 169
70 875
116 783
122 626
139 146
30 646
85 487
79 532
63 529
153 221
55 448
98 492
63 88
84 352
89 866
84 924
93 509
28 534
78 399
109 646
91 353
36 527
34 367
113 312
36 684
63 560
31 717
75 869
161 854
130 621
86 688
113 427
86 223
144 208
155 629
69 618
75 661
79 443
69 302
66 758
121 167
105 668
54 793
97 444
55 587
25 629
142 116
50 413
118 884
105 715
140 865
110 726
35 527
13 778
144 926
124 559
66 769
152 437
92 551
65 180
36 633
622
f21-hd-kp-176-554
110 219
32 544
119 398
21 191
66 761
139 796
33 361
110 455
134 290
118 467
33 103
52 490
47 593
28 645
76 494
51 358
111 402
123 835
142 387
158 106
80 247
28 520
97 547
98 425
73 148
23 485
77 510
52 418
145 427
102 160
153 174
112 377
101 408
46 529
84 748
80 196
133 795
48 275
116 115
91 316
103 499
61 765
66 448
22 695
6 271
75 256
113 193
125 298
80 264
151 483
99 318
150 543
29 198
18 751
20 446
156 461
56 479
66 217
27 752
101 133
20 116
21 680
29 568
130 767
116 756
50 326
52 318
89 603
142 273
102 240
80 667
10 617
84 591
84 337
46 544
106 601
139 452
110 665
108 331
74 922
110 503
127 189
39 587
143 321
90 913
12 402
28 227
130 307
81 705
123 424
30 381
78 604
117 827
74 373
68 320
147 301
119 69
89 306
92 483
94 677
82 613
65 459
152 62
57 332
54 666
105 497
72 787
110 234
57 344
81 415
91 798
96 530
102 693
136 568
69 136
75 412
83 621
63 672
29 480
52 856
116 496
50 138
98 795
17 382
99 476
114 269
38 583
146 484
94 517
67 455
70 609
78 579
135 708
75 361
68 447
9 651
122 66
65 604
84 179
71 639
74 712
125 859
151 738
107 363
112 343
95 719
68 562
166 489
50 214
141 104
68 388
113 642
120 788
22 535
50 556
77 39
89 270
59 469
69 663
111 338
51 365
111 459
41 444
132 202
105 437
20 403
57 463
73 653
80 825
158 373
66 415
30 268
87 543
56 584
36 106
55 165
554
f22-hd-kp-76-411
80 330
60 566
8 278
23 396
49 418
43 285
126 79
96 460
91 617
28 176
30 205
108 305
137 484
106 551
63 149
42 399
86 285
125 610
49 105
141 439
67 302
53 515
104 344
71 137
65 301
69 297
63 512
136 173
61 370
40 101
19 90
34 58
119 227
78 542
73 421
49 392
63 643
134 355
138 233
97 169
114 289
99 484
94 524
100 624
99 580
81 62
125 159
85 266
42 606
120 534
63 508
3 183
61 316
142 480
68 327
64 448
128 352
104 215
90 243
54 251
29 378
103 76
100 146
47 306
65 426
69 293
75 259
82 573
74 18
41 113
70 570
46 294
85 573
43 507
52 229
166 374
411
f23-hd-kp-65-195
59 170
62 218
145 180
73 143
66 150
88 147
78 204
3 91
70 240
100 143
30 94
125 131
127 207
121 158
96 236
54 186
65 175
34 55
101 105
98 152
39 136
76 46
138 140
98 192
128 92
113 150
102 244
123 97
117 182
146 74
72 91
34 41
79 147
61 275
98 134
116 177
110 174
127 165
81 192
87 126
59 13
42 165
75 169
113 242
55 157
52 315
113 152
103 61
97 150
51 82
123 187
89 207
61 205
32 255
61 62
160 190
102 188
60 61
23 188
116 190
41 261
77 209
60 277
66 313
100 195
195
f24-hd-kp-38-996
117 200
147 589
35 346
125 423
84 1011
146 1089
53 235
64 480
90 873
116 916
131 827
114 315
103 457
76 168
68 650
28 841
29 1124
103 1103
63 950
53 1315
144 798
141 1043
85 996
140 498
81 1405
34 589
114 862
119 728
80 587
143 802
80 824
30 726
52 931
8 1085
28 602
87 521
112 635
69 871
996
f25-hd-kp-95-729
117 767
17 937
131 627
113 476
106 902
78 984
52 840
57 692
102 664
50 490
122 271
102 409
60 777
109 628
34 343
36 699
56 505
101 326
156 1165
58 311
43 609
88 557
118 1124
101 465
63 396
143 227
148 477
155 883
96 445
69 474
47 671
68 385
76 710
134 225
50 440
51 494
46 783
50 542
114 824
94 182
85 367
57 956
79 1024
126 576
73 1147
62 338
60 272
68 334
35 372
26 667
140 805
13 352
64 304
87 718
81 226
98 807
9 363
99 661
64 403
59 280
111 467
98 628
107 517
71 155
27 1057
103 461
116 779
108 590
120 219
104 522
79 690
114 628
76 459
103 379
111 594
121 411
55 931
36 1142
104 341
81 860
32 845
57 854
76 599
54 860
80 374
68 427
92 524
22 350
103 696
92 556
23 579
58 770
60 298
86 440
82 8
729
f26-hd-kp-70-685
97 554
71 825
160 603
76 851
142 699
128 644
65 627
26 544
98 308
99 463
72 699
45 171
114 914
113 740
105 292
65 824
70 709
21 674
62 579
109 781
48 303
107 385
103 806
72 245
63 641
75 846
89 664
93 600
105 391
139 51
87 517
102 445
164 582
41 402
73 422
89 1024
61 475
29 251
112 173
70 806
108 932
43 468
70 574
95 360
134 731
34 282
78 236
18 839
78 381
57 928
108 749
65 654
113 908
139 691
96 475
90 687
110 231
135 524
56 361
64 477
126 780
54 505
52 76
147 376
111 309
154 723
129 906
54 259
35 281
58 832
685
f27-hd-kp-141-787
78 799
24 654
63 1037
128 588
121 653
53 241
134 1122
117 810
90 1095
91 86
97 482
61 996
31 543
70 577
54 70
114 640
124 738
118 359
80 705
142 713
79 907
59 411
83 592
42 595
49 612
60 884
107 206
40 837
131 836
94 696
90 1010
32 539
80 625
82 486
77 680
36 627
60 907
104 1238
94 378
64 564
126 525
121 701
69 667
106 726
45 308
90 571
47 992
94 510
120 896
44 822
73 469
102 814
95 1045
103 1104
103 717
82 927
119 282
73 993
146 958
94 410
115 468
60 609
37 601
81 1013
81 343
43 297
106 218
134 819
94 1092
20 570
154 555
25 760
90 976
102 901
98 999
112 247
121 880
145 366
76 808
47 966
96 547
46 1035
90 588
78 790
89 674
107 647
87 734
40 442
72 134
68 584
124 1248
64 679
39 349
164 1105
94 937
140 629
77 229
82 595
141 681
24 870
55 512
26 1238
108 546
23 354
126 993
87 778
86 474
114 203
131 1113
61 987
90 742
72 1018
137 1256
94 818
38 593
80 745
18 459
85 673
64 627
162 1005
100 663
36 952
76 792
52 427
38 499
120 667
93 740
91 952
118 302
50 266
51 597
149 788
85 189
119 930
103 170
36 716
135 814
37 718
107 746
82 745
71 618
787
f28-hd-kp-98-623
96 659
75 153
43 732
119 698
152 523
27 606
62 512
82 468
104 678
84 584
92 424
137 570
152 441
62 45
53 531
21 842
124 475
38 444
87 706
66 426
119 583
136 393
21 491
84 562
68 166
17 513
99 270
152 609
102 610
118 378
137 679
59 133
44 743
104 141
30 538
90 555
93 862
49 312
130 417
26 485
50 847
111 677
119 611
56 774
58 1017
97 875
104 374
18 545
80 783
120 867
129 478
135 407
140 587
50 640
98 509
126 351
80 184
82 288
96 391
117 855
100 193
29 882
96 426
29 691
111 391
117 529
24 280
41 177
65 382
69 372
92 882
36 550
30 671
37 919
143 335
57 465
114 582
48 153
131 624
91 872
67 444
48 698
97 643
132 562
63 500
18 243
76 369
67 546
100 261
104 584
4 665
80 238
96 641
140 373
86 321
130 293
88 63
66 618
623
f29-hd-kp-27-497
139 646
23 594
74 587
98 285
113 727
19 587
47 271
139 296
48 261
120 369
128 617
110 541
110 411
96 595
87 235
50 621
115 381
158 201
88 377
65 431
92 602
46 209
28 466
119 492
57 614
109 315
32 428
497
f30-hd-kp-84-621
75 755
98 934
151 767
25 929
83 454
117 896
130 742
143 671
42 747
143 353
116 743
131 729
47 501
98 367
83 753
151 338
70 842
69 430
12 170
64 975
30 864
70 299
116 540
49 385
88 826
139 829
80 390
89 625
114 737
110 301
114 434
19 695
24 182
82 331
38 250
134 202
126 762
95 578
51 616
110 604
134 479
60 289
74 715
119 231
67 521
82 314
93 514
92 220
104 769
65 281
4 206
88 535
115 525
93 336
106 539
97 696
139 192
40 877
104 453
92 479
109 549
49 727
141 256
78 198
110 502
86 412
98 750
29 192
49 564
81 364
91 99
55 968
89 654
147 696
81 644
92 268
100 429
41 724
110 491
102 925
94 446
125 591
121 677
47 773
621
f31-hd-kp-74-536
63 287
147 521
64 451
132 468
100 309
66 251
119 138
94 610
93 178
71 516
74 601
81 767
59 359
104 818
105 152
85 840
108 629
83 830
99 607
104 524
104 320
92 649
97 669
73 298
102 212
30 527
104 412
26 624
65 620
147 358
141 304
62 299
125 350
95 729
103 309
92 487
52 552
124 393
68 570
53 770
93 301
61 258
109 101
83 137
94 347
74 416
54 185
51 315
165 709
129 364
127 338
95 340
155 749
83 394
142 513
67 48
102 377
24 255
41 497
98 255
93 365
151 461
132 764
91 388
46 364
53 67
65 546
108 556
99 397
116 410
133 497
135 370
37 235
24 632
536
f32-hd-kp-59-778
84 689
99 453
80 1180
68 704
95 864
115 673
116 718
101 585
59 909
102 761
70 632
37 928
39 903
112 635
56 710
91 1073
72 501
123 622
54 427
18 807
133 716
17 975
116 813
77 952
45 512
22 598
42 739
8 453
67 821
66 804
47 50
76 900
64 334
62 306
106 747
101 1112
123 1092
82 600
75 458
86 561
121 343
42 638
131 301
93 515
119 1011
115 640
132 873
110 653
85 901
66 1021
66 588
55 806
15 913
26 598
42 1016
93 387
61 689
96 1089
84 568
778
f33-hd-kp-51-849
81 402
45 338
108 637
119 889
76 898
72 650
86 384
46 389
60 827
43 1159
97 684
43 623
12 819
94 763
99 277
91 1033
65 745
110 618
83 725
29 1076
98 566
58 1270
81 414
78 556
85 1207
138 1152
51 407
85 1009
58 656
54 915
51 1043
114 810
16 777
113 981
28 658
45 1027
118 364
75 977
80 608
48 811
67 905
69 878
68 984
41 781
102 706
116 987
78 902
45 661
104 924
139 476
98 1009
849
f34-hd-kp-146-782
49 1017
122 545
80 811
124 529
56 971
87 456
125 585
89 273
140 667
26 723
90 1290
101 1208
60 730
123 826
100 442
135 978
35 209
145 758
92 1134
151 1171
45 740
86 554
44 867
127 513
82 476
113 397
67 790
19 807
108 591
50 686
59 737
76 105
26 1087
81 871
99 751
35 464
80 1004
72 769
74 288
47 709
92 586
140 584
25 902
62 385
91 739
140 526
47 747
89 726
115 777
123 816
102 312
144 711
103 323
99 804
25 433
7 814
91 536
51 462
28 796
84 520
48 836
50 942
105 486
79 328
97 498
67 566
83 1164
92 418
100 533
142 1109
103 1005
48 944
116 171
89 879
51 928
25 517
113 272
25 687
100 217
55 331
88 303
40 1140
61 1191
63 458
90 310
107 92
89 696
59 596
23 492
24 1041
148 231
153 869
80 350
70 450
97 112
138 801
31 712
129 1087
76 869
107 617
77 1026
78 801
100 938
113 984
129 1123
116 701
103 1232
132 1011
16 253
63 800
46 793
23 626
31 922
111 1203
88 740
118 270
27 461
117 654
66 390
108 563
55 812
82 354
95 608
115 533
90 320
59 299
55 69
63 709
43 367
114 346
18 372
118 664
92 258
89 738
90 451
88 529
121 369
98 143
98 292
89 565
51 733
86 692
47 602
48 326
53 427
62 348
782
f35-hd-kp-147-363
120 294
53 219
71 249
44 361
101 350
51 486
58 279
91 163
40 553
64 79
53 364
77 211
130 297
107 294
82 499
44 355
34 301
96 189
112 403
95 105
50 290
53 246
120 325
90 296
81 321
57 398
41 558
143 140
130 464
111 357
45 442
90 163
113 400
15 311
83 293
39 167
93 439
69 237
86 316
52 325
94 352
105 347
127 266
104 263
137 567
84 403
124 530
63 172
51 495
115 222
95 185
67 182
70 265
48 317
122 366
139 257
141 317
64 262
93 253
99 376
88 385
108 217
128 90
46 388
99 154
68 98
97 179
100 239
14 384
81 370
50 230
19 464
98 133
26 403
157 406
74 374
129 579
80 386
104 199
74 94
80 427
82 180
142 552
102 325
89 479
70 129
68 380
131 321
96 432
128 219
96 393
139 430
84 229
87 390
131 216
41 362
102 471
63 340
69 472
71 154
58 388
139 228
74 352
36 235
117 451
50 559
131 367
78 247
102 242
80 204
53 448
86 163
157 368
93 236
138 332
64 390
81 383
104 282
72 181
124 462
69 280
78 140
96 281
99 402
54 289
67 289
114 220
50 242
114 166
52 528
99 225
53 258
109 569
65 197
71 287
84 253
111 248
64 312
90 354
58 288
31 501
62 317
40 412
33 203
7 255
113 529
130 491
363
f36-hd-kp-194-814
109 995
96 665
124 483
90 843
29 206
46 680
103 191
110 719
56 438
126 937
160 140
102 598
33 799
45 602
133 235
150 902
115 630
57 650
73 1138
166 1031
163 941
74 702
67 307
71 907
28 281
99 641
113 919
113 1304
69 943
47 105
100 1006
86 346
100 579
108 1212
90 1090
72 463
21 741
100 490
106 523
22 599
117 674
49 1040
134 132
125 814
55 1333
23 825
45 137
78 429
142 1070
140 839
17 729
79 742
76 429
93 583
113 1276
160 1228
35 567
111 397
66 443
117 262
113 882
144 380
134 644
154 943
152 935
50 1055
83 589
33 746
9 345
49 651
87 542
147 465
87 696
127 268
80 598
119 532
29 338
121 1097
21 1060
121 593
82 235
121 1203
84 970
104 485
63 687
100 23
99 485
136 715
79 549
63 1084
99 609
43 561
43 888
67 335
123 227
39 475
63 698
92 1108
149 291
85 1079
112 1012
70 310
139 685
49 867
77 148
7 881
161 150
123 469
74 560
150 1046
126 601
24 257
57 543
103 567
78 1119
157 1188
96 940
131 1173
90 877
81 975
79 509
147 760
76 966
115 260
116 1038
96 1119
106 846
125 26
73 149
37 346
61 565
14 555
71 600
82 346
68 1003
62 452
40 289
136 526
61 448
43 359
68 444
112 1080
77 428
32 1012
47 737
101 489
140 631
128 595
109 480
43 1045
44 288
108 331
88 627
143 618
68 863
71 825
48 737
117 900
94 642
37 546
112 989
42 812
77 703
92 683
49 764
81 1162
87 631
111 543
127 471
54 652
90 370
66 448
57 845
118 173
18 822
87 410
80 775
78 423
114 1141
92 670
97 466
71 194
29 1232
86 719
68 440
70 582
30 862
63 763
101 1333
18 944
78 107
124 757
27 600
46 727
814
f37-hd-kp-35-637
61 866
50 440
24 476
66 583
60 190
41 923
35 542
82 249
128 675
161 514
37 410
136 229
74 827
92 513
123 261
54 861
41 545
110 763
57 155
27 262
145 524
124 144
130 651
127 208
46 669
72 520
55 399
125 578
76 267
104 258
95 676
117 486
33 322
77 392
33 508
637
f38-hd-kp-95-767
86 920
150 339
150 854
56 623
142 777
67 1083
19 747
74 538
133 661
113 768
59 816
50 611
93 898
107 976
87 1068
82 323
60 513
100 375
34 1105
85 371
42 772
66 516
105 957
108 1109
64 515
85 919
11 472
81 926
98 737
120 290
135 415
112 1003
122 794
83 438
20 347
65 1270
110 761
71 674
88 450
85 905
150 614
117 612
99 604
78 1031
107 666
154 549
93 858
80 446
125 626
10 437
140 931
114 593
94 791
91 390
63 1250
37 668
19 992
66 880
15 1215
100 205
92 323
44 360
76 649
24 868
75 543
72 336
50 1126
53 261
122 604
53 1132
45 1118
96 1148
119 842
125 648
87 393
89 326
120 221
125 829
65 626
105 585
95 969
121 259
34 509
17 475
104 629
111 791
41 827
80 555
114 1015
107 985
147 912
63 788
148 586
100 310
92 546
767
f39-hd-kp-30-893
29 1240
41 1318
54 924
103 340
79 133
99 573
23 620
76 350
104 1001
50 800
102 471
67 751
93 587
101 1238
102 843
20 942
130 1040
64 1246
34 1139
68 376
95 752
135 833
76 1432
121 376
113 300
96 782
65 1481
107 1256
119 1107
48 832
893
f40-hd-kp-172-651
158 874
73 482
93 1077
84 669
108 288
122 1016
91 744
75 755
69 512
124 551
42 593
116 450
95 170
68 152
96 274
115 442
113 351
61 851
70 615
29 516
49 798
132 379
70 268
88 507
14 592
148 574
151 479
58 759
98 737
95 768
51 734
29 702
34 438
29 365
38 376
46 564
79 355
66 318
76 485
77 443
90 729
82 509
20 988
66 584
103 206
40 326
28 538
45 763
67 609
126 443
96 239
86 438
21 601
86 718
131 959
121 402
53 422
90 384
25 224
89 700
158 131
101 413
106 190
46 182
94 449
106 649
125 486
111 381
117 584
126 656
84 181
79 780
4 608
53 1030
70 857
133 476
43 184
80 369
51 535
77 368
23 473
74 639
101 575
100 435
64 605
96 219
125 17
148 851
120 487
60 291
76 946
75 733
51 516
66 443
68 819
103 488
132 887
77 353
49 315
63 281
107 542
85 875
112 892
74 495
48 960
60 337
127 359
68 747
90 994
88 435
70 558
48 438
23 420
36 380
103 518
35 379
102 379
84 326
44 69
63 410
78 700
71 676
119 524
129 558
32 350
41 498
50 163
75 344
26 642
64 621
164 716
65 333
84 375
17 478
80 870
104 418
85 86
40 580
54 623
82 1012
116 562
46 552
75 502
136 710
75 530
125 556
76 560
68 1041
65 492
75 1049
65 414
10 485
114 696
124 715
112 189
35 251
66 626
33 383
33 714
63 432
26 298
38 773
88 901
73 718
16 368
78 157
91 805
38 573
55 765
80 512
109 525
62 558
651
f41-hd-kp-111-258
96 220
63 322
138 145
101 296
14 85
93 85
75 101
99 312
60 360
105 93
85 369
84 137
128 260
123 128
53 255
66 344
107 61
73 342
82 219
31 246
125 169
29 246
71 233
74 113
66 150
82 227
69 165
46 112
143 191
83 265
125 83
56 217
117 69
54 81
72 378
91 115
118 282
92 323
36 97
126 108
58 155
27 87
47 178
47 247
19 325
91 258
110 362
84 276
83 307
45 286
134 63
49 287
63 109
119 180
94 152
59 217
77 286
77 158
137 299
145 189
91 193
17 70
142 251
130 67
109 142
97 64
29 26
111 334
83 142
64 111
66 287
110 201
92 373
67 166
86 310
100 190
127 47
67 91
90 245
122 233
75 205
71 156
93 412
85 349
54 203
103 424
124 235
119 345
106 247
117 232
60 330
72 135
72 93
92 285
115 264
53 119
127 116
83 276
97 303
71 416
104 223
52 53
128 323
115 159
170 233
99 312
112 382
133 323
96 317
125 236
90 301
258
f42-hd-kp-174-483
40 545
150 234
100 179
78 378
73 337
28 482
80 71
104 311
52 355
76 154
59 446
74 662
77 299
106 209
50 535
148 192
45 384
158 438
22 449
56 58
79 663
61 426
118 362
58 400
100 537
15 169
69 443
143 370
90 532
126 725
61 518
134 444
57 410
115 141
133 402
113 236
134 416
61 340
90 350
51 539
85 425
122 236
78 513
29 99
100 284
65 177
103 200
152 274
62 663
62 412
97 467
114 335
77 229
74 559
154 166
133 451
89 108
21 248
85 545
148 385
158 456
70 368
82 433
81 338
95 104
133 729
24 358
115 788
113 361
12 232
91 332
56 533
68 265
99 650
80 119
54 396
72 113
111 327
105 526
122 417
89 376
84 448
52 348
43 415
101 695
70 108
94 197
108 185
27 413
75 265
154 301
109 356
107 425
56 409
108 572
72 536
57 417
97 789
101 596
107 465
64 521
59 517
40 565
117 538
56 309
79 341
47 625
111 474
77 473
40 372
56 156
129 319
28 190
61 293
123 269
55 156
54 486
102 452
119 394
64 345
104 395
86 493
109 353
32 413
116 371
49 494
98 273
163 260
139 752
34 660
99 99
56 265
43 749
101 597
78 337
112 281
103 732
73 616
15 604
53 527
107 666
29 309
58 269
112 427
45 606
119 157
90 471
90 465
91 211
66 255
112 143
128 170
123 453
94 382
102 527
78 368
36 389
130 107
116 147
102 526
92 285
95 458
117 553
98 313
70 268
35 353
32 332
115 587
101 409
57 529
133 731
104 122
114 331
64 158
483
f43-hd-kp-161-714
117 663
144 527
62 362
102 513
113 460
39 607
41 565
48 585
117 504
91 660
66 504
63 684
127 282
69 540
122 1061
43 218
86 480
139 905
38 464
117 619
140 853
95 698
135 910
53 292
108 326
7 665
95 444
34 635
113 969
71 713
32 639
142 870
36 896
70 521
59 830
64 677
51 642
91 467
83 617
39 310
27 228
111 522
85 158
84 262
93 309
94 467
85 795
30 160
117 695
51 643
112 734
70 475
77 325
35 292
31 483
65 819
119 461
61 303
76 552
95 947
91 854
113 101
63 519
89 935
45 280
74 285
51 360
99 712
118 404
158 400
117 872
110 322
83 1072
31 310
121 197
114 415
20 517
71 977
83 566
71 610
91 765
124 1073
72 768
132 156
37 251
76 841
90 644
140 894
63 819
41 697
91 665
78 830
107 506
73 766
74 819
64 557
57 386
110 747
12 666
150 652
109 78
63 360
77 195
5 567
80 455
132 1130
33 439
89 534
67 393
95 925
81 1032
108 89
65 529
52 438
42 310
128 217
117 300
122 584
76 299
66 590
112 830
88 695
55 491
34 453
127 831
78 939
25 1073
87 924
55 880
85 1027
14 616
111 558
129 510
144 352
10 860
62 450
92 846
86 835
118 300
90 527
62 909
152 484
76 604
107 814
76 114
62 969
83 1146
28 295
135 935
116 830
85 630
70 498
121 220
49 885
19 985
138 776
55 261
78 305
70 976
144 209
88 704
714
f44-hd-kp-163-378
73 55
100 377
52 90
56 242
134 369
73 511
62 535
63 268
80 255
88 197
100 242
120 331
118 267
103 379
51 223
25 264
67 190
70 406
121 243
101 317
54 353
41 267
81 427
112 485
108 182
108 401
28 209
95 136
85 166
76 228
91 393
117 466
41 383
73 446
88 276
14 297
86 391
83 113
104 360
58 431
66 272
86 281
116 376
122 412
58 412
97 181
60 605
56 201
106 195
86 250
72 186
86 286
70 444
18 294
98 280
113 101
103 474
124 461
35 498
89 150
82 409
59 379
139 68
46 38
68 270
124 323
108 168
86 458
124 406
99 193
93 300
14 418
70 348
70 347
38 499
105 370
115 398
97 309
31 177
93 494
114 438
98 453
158 315
134 347
111 255
93 466
36 551
47 558
53 400
69 442
138 270
103 517
56 486
26 237
40 468
28 549
129 489
108 468
87 451
63 288
114 62
62 414
126 550
63 365
106 292
126 203
88 543
110 154
111 144
116 517
31 303
48 263
108 221
26 224
125 424
20 457
122 532
30 300
83 594
62 196
77 255
71 325
45 110
109 467
46 450
157 446
95 514
135 253
120 404
67 237
72 179
38 101
146 451
99 322
62 56
21 437
157 395
19 292
92 393
103 437
114 381
12 239
61 481
80 184
112 456
59 253
78 87
39 206
69 188
77 118
106 234
134 327
85 275
122 552
80 195
77 327
106 267
29 279
140 387
83 72
82 206
141 211
78 428
378
f45-hd-kp-58-427
66 39
98 435
138 139
132 362
30 531
81 348
43 246
87 201
57 267
24 533
100 90
92 450
92 298
63 316
157 284
84 47
125 632
78 560
42 572
96 253
75 339
87 622
38 305
74 132
111 245
98 412
100 344
104 46
82 370
126 253
31 448
73 593
34 156
103 302
70 44
67 687
92 505
61 153
58 632
121 296
56 610
109 575
121 173
84 219
70 508
74 225
63 532
48 172
74 266
79 265
101 608
94 393
119 243
98 322
58 257
38 282
85 316
99 514
427
f46-hd-kp-81-448
155 276
111 459
139 177
21 170
98 681
110 143
77 363
152 128
58 270
62 605
48 458
82 352
98 82
104 544
11 282
138 633
48 374
81 116
31 248
118 325
54 527
111 400
58 245
8 501
94 503
103 417
88 472
86 328
77 484
53 568
119 469
132 155
90 549
31 612
56 276
64 360
119 147
69 190
46 616
159 496
113 521
95 88
71 550
40 515
41 151
135 492
124 724
112 438
43 392
55 330
44 403
71 624
80 560
104 166
127 296
47 229
98 497
57 272
80 415
118 293
93 332
13 599
124 512
63 342
123 233
37 351
43 369
125 331
117 59
52 291
103 515
72 434
30 165
81 382
66 380
71 371
72 366
14 301
34 422
139 385
115 451
448
f47-hd-kp-104-493
122 642
109 220
57 221
80 149
133 449
85 470
56 700
72 508
88 412
129 532
154 288
32 315
134 578
102 405
122 307
110 463
97 26
59 205
77 689
107 622
137 270
113 384
119 468
132 603
73 300
27 794
100 439
161 438
117 344
131 623
64 424
27 217
156 651
98 393
104 402
109 276
59 333
72 348
87 207
86 449
85 655
101 445
136 206
55 648
114 641
84 263
18 206
48 657
72 135
26 571
26 569
137 626
135 222
163 133
117 254
86 387
96 253
84 104
99 136
67 101
78 416
53 329
76 298
55 151
139 396
74 625
140 454
71 447
144 456
96 357
146 532
146 592
44 601
23 734
35 321
73 453
81 681
108 177
133 576
159 249
53 384
152 378
137 363
120 325
19 293
97 488
45 526
115 461
60 175
155 538
91 535
140 488
54 646
154 511
77 359
96 249
93 298
40 529
78 340
60 559
83 558
106 484
71 536
98 364
493
f48-hd-kp-39-659
83 694
86 326
149 414
72 336
143 739
106 270
156 625
55 504
110 936
94 187
95 588
67 716
106 615
34 506
120 476
66 822
97 620
61 386
105 251
81 723
21 403
48 1100
107 647
54 506
127 468
75 474
116 754
129 818
130 417
97 562
95 272
128 391
109 687
69 481
8 591
29 289
94 724
96 498
100 1007
659
f49-hd-kp-88-166
93 126
79 107
89 30
45 150
132 101
115 26
66 175
10 97
69 104
50 181
58 62
109 182
119 77
92 146
100 45
102 116
50 227
112 233
142 174
74 261
70 138
151 86
117 157
64 130
43 212
89 245
74 216
69 58
89 113
63 180
29 176
37 242
81 233
83 116
95 195
104 149
51 204
41 87
125 223
89 137
19 209
76 223
72 102
51 89
26 162
147 98
83 68
135 223
116 184
73 105
149 197
48 201
99 115
134 265
82 92
67 105
160 152
11 123
126 169
162 132
43 37
96 165
43 141
103 131
108 172
109 167
68 198
60 141
30 115
73 171
66 178
127 61
89 109
80 75
80 111
42 33
70 112
45 106
128 108
155 127
116 229
35 183
66 109
84 63
38 209
138 161
53 34
76 190
166
f50-hd-kp-15-97
19 113
123 139
147 116
35 120
76 103
98 68
116 14
112 85
44 101
111 32
109 56
127 72
85 20
119 69
121 97
97
f51-hd-kp-53-980
20 753
31 958
140 1102
92 886
52 51
71 642
46 1220
72 1061
163 421
18 630
49 932
119 576
124 617
77 1501
100 1406
115 957
33 750
121 548
117 818
13 1328
121 359
80 827
37 1088
154 395
115 511
132 1156
88 1150
108 1060
131 875
122 806
101 367
154 1373
115 1222
92 599
73 333
72 1037
14 336
67 233
148 896
93 810
110 894
95 1385
84 1012
116 1356
27 416
83 1388
107 533
153 1258
105 493
91 1170
67 278
153 317
122 1194
980
f52-hd-kp-119-859
142 1240
58 560
57 1010
138 826
48 87
100 353
146 1146
165 825
145 735
103 877
41 703
93 1158
81 1212
137 1144
128 993
54 945
40 686
23 424
42 676
77 833
113 357
151 663
74 386
42 524
76 1130
142 674
102 658
134 913
73 314
135 821
92 930
87 129
111 1027
134 444
49 187
141 486
37 1299
95 1338
125 321
64 870
71 775
160 500
111 794
47 556
123 806
57 987
86 812
117 605
78 239
30 498
102 317
62 702
70 816
104 907
86 209
71 933
127 464
104 1068
93 795
66 373
107 410
105 834
76 1012
142 196
63 762
83 973
53 588
131 638
66 1264
47 704
71 232
102 411
130 685
119 956
103 954
85 633
68 929
63 934
24 714
140 489
76 927
63 773
91 594
68 377
144 873
123 796
87 505
68 943
11 789
84 867
66 563
71 1171
56 466
127 936
140 1208
155 1143
99 1066
11 439
108 1133
126 968
77 698
72 445
50 982
79 949
158 665
45 1239
99 810
50 576
129 266
42 809
20 484
144 500
129 380
93 285
105 1069
76 772
22 919
150 287
138 301
859
f53-hd-kp-174-412
118 478
69 590
108 568
69 380
40 545
89 616
99 336
123 134
95 123
35 384
107 265
47 75
94 553
79 400
58 148
54 64
47 356
124 135
52 441
82 65
91 279
141 532
144 149
98 553
29 598
133 433
80 455
150 588
135 154
65 428
118 173
108 334
54 349
51 394
97 414
53 415
110 218
52 423
152 294
45 352
106 585
67 498
131 364
79 555
71 302
110 338
66 559
118 531
96 290
47 427
54 406
138 525
114 146
38 268
69 412
113 165
136 320
155 209
59 578
105 511
125 106
99 566
83 181
77 436
81 146
30 167
56 586
46 316
57 613
89 137
32 288
47 252
97 166
93 309
56 171
70 446
68 211
146 436
92 431
71 214
26 169
68 499
74 180
139 213
88 501
45 431
99 90
76 558
84 533
86 148
136 318
115 491
27 337
43 638
15 409
69 169
120 212
72 306
69 499
63 359
55 509
37 374
101 423
68 271
128 262
148 398
29 126
143 426
76 208
71 612
50 513
61 412
118 493
73 548
114 223
100 530
34 540
64 156
41 571
130 177
63 618
69 358
1 271
92 174
148 387
100 668
121 89
96 311
70 261
16 319
126 261
52 221
62 420
81 345
58 297
91 341
87 415
63 345
53 285
76 43
133 252
32 294
32 491
46 165
85 499
117 333
114 381
91 67
55 267
97 101
136 618
110 448
70 561
85 255
109 580
18 385
17 585
42 485
88 105
31 280
53 315
41 228
67 553
116 111
110 102
100 495
120 200
113 599
5 289
82 437
86 469
91 414
135 455
60 381
412
f54-hd-kp-118-764
83 204
134 834
88 702
150 732
103 129
108 613
85 531
72 1088
104 588
141 504
50 722
109 720
52 731
112 363
80 1062
67 759
87 1150
69 423
114 763
89 600
91 889
55 599
122 246
90 172
74 571
57 705
121 416
94 1087
47 574
99 335
70 420
65 657
66 880
48 431
72 1058
101 1052
131 631
108 223
45 684
101 578
144 1171
72 154
63 615
127 446
128 646
6 302
128 845
68 377
91 705
114 700
75 484
70 97
28 410
32 227
54 109
77 1074
69 585
64 550
89 688
74 621
120 661
109 255
39 818
86 705
14 660
109 677
39 1109
57 498
38 679
86 826
8 658
40 746
53 433
37 737
150 625
80 646
10 376
144 1112
90 777
126 133
128 389
86 922
112 362
74 312
98 852
42 350
103 188
76 177
79 907
77 990
150 701
93 865
152 412
89 825
92 620
102 979
66 923
39 1096
122 700
63 748
118 710
150 1139
91 840
98 133
88 1124
33 774
42 879
39 1100
72 718
91 865
88 1038
85 807
114 705
80 526
113 233
90 480
79 277
93 736
764
f55-hd-kp-44-407
93 532
86 371
34 420
106 357
156 564
86 642
122 296
110 594
54 591
82 304
42 468
102 488
34 455
101 536
125 300
92 564
52 460
75 428
69 286
95 449
85 359
23 90
93 470
107 302
48 271
140 354
53 231
101 118
77 510
79 608
72 495
73 376
96 349
25 392
135 404
109 195
75 434
159 79
123 290
97 242
79 140
127 287
105 273
61 162
407
f56-hd-kp-141-494
86 605
31 158
89 209
32 354
69 547
71 531
120 533
87 688
129 556
141 367
143 796
132 715
89 391
136 448
88 636
126 406
13 158
22 332
65 308
120 557
142 619
72 666
73 630
110 58
83 386
103 536
90 444
143 594
76 116
66 173
36 696
114 263
113 291
66 538
88 338
55 364
151 658
117 564
42 253
49 363
48 485
60 531
64 539
49 429
109 392
132 421
84 252
109 271
93 74
47 557
130 711
48 347
36 214
29 648
59 379
66 433
91 186
82 530
51 511
47 310
105 398
139 497
48 597
15 276
45 124
92 574
132 614
83 345
25 484
113 497
24 245
71 246
80 740
59 461
101 590
126 413
57 221
145 660
100 558
69 245
99 263
64 192
119 667
121 394
63 477
63 682
50 407
98 407
115 448
85 775
79 373
101 481
100 395
85 483
113 336
98 604
107 618
39 339
122 466
55 418
147 719
37 374
34 598
52 260
66 316
98 154
58 426
124 243
3 501
147 499
122 577
47 172
103 695
137 310
97 440
148 344
98 208
93 490
94 380
129 558
81 629
15 256
80 643
95 567
75 520
11 158
79 407
77 400
74 512
41 415
80 561
119 312
144 565
59 109
150 364
34 638
106 476
143 400
67 276
82 531
61 417
494
f57-hd-kp-101-870
27 758
25 905
35 945
98 754
64 1091
115 1165
56 720
65 816
80 1065
107 618
125 792
78 922
84 1006
69 651
28 334
14 1114
19 268
148 997
23 414
57 1018
111 938
146 92
127 609
96 822
124 1384
69 1057
76 359
126 242
89 329
130 693
116 878
105 1058
124 719
117 694
138 1034
80 477
44 1028
133 857
54 1361
106 789
120 1129
84 515
99 1014
76 661
50 948
99 550
110 620
82 867
116 541
30 678
150 226
84 462
43 623
36 497
43 900
131 1237
124 1321
66 920
49 282
96 1262
63 593
127 308
73 1015
62 827
112 555
58 861
48 776
124 553
128 984
100 189
100 526
24 589
48 797
103 1151
56 604
142 733
121 723
141 460
76 588
104 622
108 882
120 724
4 876
88 467
82 1166
117 534
129 547
61 884
108 726
59 200
144 807
69 632
154 1225
62 701
125 1093
61 1162
78 303
60 867
39 780
70 884
114 1165
870
f58-hd-kp-11-408
138 201
51 394
78 429
47 113
72 474
55 600
128 163
50 365
60 454
32 681
101 474
408
f59-hd-kp-46-436
37 432
122 283
95 604
110 467
90 226
14 276
76 391
68 257
27 577
82 555
101 363
38 435
18 478
119 16
64 644
147 440
28 600
111 407
30 551
133 266
104 283
32 320
46 406
52 197
95 221
58 325
44 286
149 641
132 304
60 123
148 452
104 411
126 359
89 337
85 210
65 403
81 403
120 607
75 362
102 605
34 99
120 429
82 673
112 364
106 377
159 221
436
f60-hd-kp-129-730
84 422
162 959
67 970
88 605
63 626
125 558
49 594
87 844
105 660
85 616
65 518
104 431
144 691
104 622
53 483
67 689
132 748
79 852
96 301
73 510
84 662
85 448
98 385
118 97
42 504
88 1004
160 779
57 64
101 204
74 485
129 718
76 428
93 982
55 333
99 204
105 972
154 931
142 220
81 221
104 622
29 414
121 1004
72 266
54 455
29 339
97 933
101 1145
45 334
142 50
89 1036
58 936
116 614
114 321
107 506
60 548
49 643
85 710
45 483
39 785
106 756
152 510
59 134
115 319
127 1100
122 599
43 295
86 471
59 152
54 780
66 769
74 313
89 865
80 919
73 715
109 727
73 284
75 709
58 653
81 753
93 691
145 464
127 613
6 743
93 791
110 983
56 186
126 366
33 638
83 1082
58 976
137 377
48 1021
95 1028
40 826
95 668
85 524
75 723
54 628
110 1095
112 650
84 887
59 837
101 351
20 530
136 740
99 509
109 862
17 575
71 794
49 639
117 1086
89 951
156 351
64 972
73 908
126 507
123 977
89 727
124 944
89 541
108 467
49 603
54 652
68 1023
78 347
89 454
96 775
76 705
111 407
730
f61-hd-kp-100-572
19 683
115 482
102 399
46 751
86 326
92 496
106 331
77 903
85 863
90 601
114 269
96 387
49 875
101 190
96 117
94 825
81 768
139 562
126 85
94 354
29 745
44 201
11 310
124 443
112 203
54 699
97 541
35 619
138 780
48 327
72 632
140 343
83 299
85 386
68 631
127 679
61 58
43 475
7 460
72 273
92 439
51 490
81 400
149 698
121 932
95 625
76 339
68 163
43 615
78 601
40 523
164 601
32 676
80 89
85 381
68 483
125 424
120 598
73 270
90 431
60 256
59 627
83 542
142 716
87 739
88 804
123 882
39 458
87 530
100 774
32 572
111 519
116 448
131 360
68 751
98 521
75 772
14 230
126 514
159 586
61 610
51 480
41 322
68 349
67 769
102 439
38 95
67 233
83 317
52 376
84 593
43 183
76 699
94 145
74 491
34 620
122 410
94 136
27 693
70 874
572
f62-hd-kp-47-169
114 129
137 175
27 152
156 120
102 40
49 97
96 219
47 204
120 125
53 202
20 33
75 186
107 198
42 105
96 115
121 82
61 88
45 113
133 81
100 243
104 155
87 138
33 190
49 188
73 143
115 73
103 84
74 146
63 183
43 113
97 172
105 227
151 107
89 181
152 276
156 85
110 180
26 197
135 227
78 145
31 134
107 162
105 162
112 61
155 149
58 121
105 245
169
f63-hd-kp-180-743
104 516
47 535
36 220
146 725
37 188
27 601
50 1118
128 203
13 707
56 932
79 256
75 781
82 634
104 600
88 374
121 567
14 712
63 306
140 572
138 442
53 175
94 326
62 290
157 733
108 395
67 217
67 516
106 207
105 803
92 759
161 415
118 972
113 482
140 1128
50 833
102 884
114 701
52 894
47 245
107 987
95 998
37 387
45 1109
163 236
28 757
87 754
94 978
90 984
38 603
61 836
89 507
108 490
96 649
88 618
93 756
108 975
47 521
101 497
146 924
106 566
65 1017
151 773
99 698
115 894
54 897
95 560
54 1146
101 623
29 465
47 623
98 641
9 788
120 637
79 520
102 127
144 880
45 384
91 859
10 505
71 390
132 327
110 924
41 331
153 645
43 1144
86 305
100 280
27 862
44 1104
101 257
103 408
27 760
118 467
73 1062
134 1079
148 714
131 1008
34 809
19 611
20 154
68 401
67 714
112 643
108 933
101 247
93 910
153 218
84 577
129 1081
129 977
57 606
31 505
49 355
76 470
127 1015
91 630
36 398
20 304
28 45
118 525
25 693
72 65
59 754
47 694
101 758
123 407
118 153
27 793
100 410
111 696
74 443
115 866
96 1131
86 823
125 59
12 727
82 868
57 530
58 759
64 662
37 503
125 381
122 320
129 427
155 310
90 743
113 636
98 640
64 230
104 784
149 695
69 1107
69 697
123 340
119 609
71 724
67 703
116 407
136 788
92 962
106 692
121 163
129 961
56 101
83 164
70 500
43 1084
36 173
104 1097
64 331
47 610
64 829
28 792
70 578
140 504
42 610
27 617
46 812
45 938
83 230
743
f64-hd-kp-169-583
133 652
122 651
64 505
32 589
123 391
45 157
83 749
157 636
27 372
114 672
53 238
70 660
155 446
155 667
47 698
63 945
56 86
96 396
106 660
57 646
24 242
143 459
87 506
65 231
123 473
113 479
46 281
125 509
115 660
101 344
59 883
141 518
131 480
62 324
110 739
107 833
133 692
119 110
81 352
153 804
128 446
124 394
87 249
53 224
35 744
113 155
85 43
121 479
55 554
131 563
128 356
50 290
161 504
96 335
44 332
142 297
77 481
63 456
43 514
83 533
70 217
37 659
52 124
79 662
92 871
36 134
93 422
25 601
48 489
45 534
154 725
95 527
93 669
50 559
109 110
112 271
74 126
94 357
77 352
66 709
48 408
139 566
52 397
100 286
116 232
86 657
153 225
128 632
71 726
109 396
40 646
78 658
89 618
127 310
98 397
84 406
46 546
89 557
80 363
73 137
12 629
119 246
88 16
68 840
89 221
75 508
102 308
55 522
79 536
48 567
125 231
97 491
74 429
64 724
99 641
37 279
136 702
130 471
10 251
43 548
126 354
98 389
42 411
30 710
91 155
81 805
46 612
69 335
92 422
166 531
108 835
32 294
101 231
52 290
77 328
97 804
56 516
90 199
43 624
65 372
73 885
61 842
82 668
79 223
131 663
90 541
50 55
78 652
53 189
104 191
100 307
130 303
82 335
44 536
81 296
138 669
108 748
16 469
142 525
74 479
62 418
45 768
71 312
86 333
24 657
125 656
102 253
97 344
50 463
583
f65-hd-kp-120-576
104 669
157 366
102 500
44 240
144 339
140 358
87 540
101 178
109 343
79 90
48 239
133 560
110 570
151 677
115 181
48 227
122 456
164 13
131 867
99 151
89 781
63 566
64 659
114 431
123 613
104 361
150 797
64 507
126 876
23 620
53 433
39 312
73 516
125 226
54 649
87 633
86 569
87 386
119 634
136 307
14 269
83 681
134 680
32 578
125 407
71 321
124 745
150 442
36 870
133 322
84 649
73 826
28 976
66 333
113 552
58 588
105 116
87 281
43 276
53 365
28 566
85 328
82 411
96 509
131 378
73 431
41 239
52 81
51 360
96 546
43 569
76 223
115 577
88 318
65 241
121 731
15 837
86 249
95 281
65 647
55 436
114 708
64 611
82 95
96 591
39 560
109 351
101 579
144 472
97 558
42 566
9 656
137 402
76 705
153 512
146 401
37 690
130 331
71 378
55 715
122 593
42 233
140 641
102 238
157 215
58 373
92 89
17 383
58 609
23 574
26 541
132 564
95 829
102 778
98 468
155 646
114 390
53 440
98 484
102 769
576
f66-hd-kp-103-57
10 89
130 36
92 78
95 61
123 83
20 81
96 47
112 49
137 52
115 52
96 74
16 63
66 44
93 45
35 44
23 67
95 71
149 86
113 66
158 70
96 71
85 63
25 66
87 65
88 72
53 26
77 9
83 21
111 80
12 65
60 14
105 11
120 17
39 36
39 31
81 57
5 87
62 85
41 59
44 64
67 56
20 91
19 28
138 87
58 63
73 72
105 37
144 36
38 56
75 53
64 71
92 47
108 23
108 68
85 72
160 55
87 16
48 35
84 29
52 17
76 49
81 4
21 21
49 50
96 10
86 38
44 54
94 18
53 17
99 82
89 62
69 62
110 48
46 70
34 40
89 73
80 38
99 15
104 45
41 87
97 36
32 67
139 68
64 35
85 16
88 36
103 33
91 33
45 56
69 71
78 42
77 51
48 35
118 29
135 28
78 51
92 49
155 62
149 43
69 37
75 10
23 78
57 32
57
f67-hd-kp-85-107
122 42
23 159
105 80
105 65
127 51
97 70
32 148
100 26
48 91
50 131
111 64
81 35
66 78
143 70
93 42
158 92
78 65
134 111
16 39
12 83
49 149
107 112
53 124
117 124
161 109
125 88
108 78
64 79
71 140
75 112
57 127
127 100
66 174
100 88
163 79
125 65
69 46
30 73
38 51
85 84
61 110
107 119
60 54
101 68
130 100
96 87
46 101
145 113
100 58
125 73
115 129
66 118
137 133
98 151
57 102
145 85
36 117
18 105
25 148
79 106
61 59
73 84
131 46
129 144
97 150
117 147
86 121
37 86
77 96
127 63
87 99
57 45
140 85
112 162
135 35
23 69
78 56
160 116
61 123
76 107
47 68
46 35
114 65
117 70
13 105
107
f68-hd-kp-107-424
50 294
47 181
122 589
150 264
96 507
98 136
89 612
39 419
20 531
104 534
96 168
56 357
95 405
137 428
120 380
17 378
94 240
106 158
49 428
83 614
63 504
71 654
68 623
92 412
32 593
92 473
60 567
160 434
70 513
77 28
17 260
105 258
168 177
110 546
59 596
33 318
60 263
115 259
101 354
90 430
105 547
71 400
85 639
114 669
102 225
137 426
68 428
141 146
143 300
89 419
88 137
89 136
98 304
31 509
55 396
98 263
53 471
85 426
27 248
32 444
57 413
121 490
135 664
55 281
105 379
59 127
30 556
101 211
82 89
94 449
68 168
90 403
86 380
146 500
64 339
43 324
90 505
104 532
154 547
109 477
142 637
116 435
118 323
123 224
25 260
110 558
114 449
96 229
86 488
52 176
37 374
76 601
45 378
161 695
26 247
116 643
35 671
103 360
84 370
85 440
56 591
92 476
90 382
89 322
119 513
138 392
78 118
424
f69-hd-kp-24-314
101 58
91 294
103 413
95 246
156 189
65 276
30 348
114 342
134 355
51 234
123 113
49 394
2 230
68 239
73 381
97 147
29 263
141 348
42 328
59 436
93 126
73 203
132 182
146 253
314
f70-hd-kp-52-480
86 551
70 224
108 291
109 321
100 89
30 245
91 635
127 289
58 187
85 204
51 605
12 291
104 277
100 286
109 296
42 487
102 451
56 108
89 649
63 714
91 94
140 181
97 308
99 379
120 283
115 515
97 283
55 678
116 486
42 351
87 379
90 371
122 209
41 363
101 463
107 368
125 608
121 685
38 137
64 471
30 160
134 418
123 479
121 49
129 194
42 250
109 667
113 501
138 711
113 155
103 463
11 552
480
f71-hd-kp-185-401
110 181
135 208
50 134
56 208
83 363
82 445
69 185
71 258
127 81
85 70
59 404
70 399
84 204
79 260
122 245
88 508
121 284
100 73
141 361
141 419
113 607
98 432
81 431
92 124
65 252
22 341
106 346
72 194
79 214
145 211
72 522
16 343
79 450
47 294
45 286
122 374
81 493
66 217
99 348
93 73
100 268
38 366
34 47
46 650
97 84
25 314
92 84
95 492
65 626
15 113
29 304
49 305
62 600
24 458
54 154
57 413
83 404
98 207
125 201
95 265
58 318
40 263
101 273
99 496
47 150
30 200
14 527
77 309
141 442
90 182
78 396
56 205
110 434
36 600
42 187
74 310
108 226
137 366
75 496
84 197
89 169
50 83
142 419
67 143
131 386
107 134
143 142
27 171
10 540
84 611
89 288
165 425
116 307
59 65
103 178
109 206
26 280
97 316
84 129
97 437
55 281
129 127
69 233
30 138
87 53
125 200
55 400
110 478
110 209
125 107
160 156
107 310
126 595
16 426
63 404
58 212
120 521
94 552
21 218
73 633
53 193
129 496
47 496
110 437
97 349
41 374
145 443
65 522
41 101
60 638
74 221
115 306
150 328
81 533
30 221
119 521
86 340
46 529
102 339
119 528
37 340
99 147
128 262
127 578
107 451
84 491
119 625
75 147
114 235
58 458
40 135
66 455
107 300
78 638
78 128
53 422
43 369
44 72
42 450
70 263
96 214
113 375
29 412
13 344
31 308
86 513
113 405
138 585
133 169
102 345
33 362
24 404
32 388
106 338
98 374
49 634
70 542
79 481
156 419
110 209
60 80
93 302
58 353
40 250
77 470
401
f72-hd-kp-10-465
131 374
94 659
25 415
92 80
80 429
74 202
35 450
95 514
42 340
122 48
465
f73-hd-kp-39-172
142 261
72 227
32 79
117 151
58 36
101 140
84 124
120 244
132 161
65 249
85 128
57 76
157 7
84 71
48 176
135 150
19 39
70 244
114 69
51 247
78 136
60 137
56 145
85 235
139 82
77 112
149 112
150 221
11 241
60 234
127 42
146 164
149 54
137 142
57 137
141 42
36 81
142 106
123 224
172
f74-hd-kp-152-341
45 212
140 440
77 313
78 118
131 525
65 244
101 451
152 430
78 272
140 498
90 247
83 433
109 357
106 216
89 271
85 397
112 501
29 302
144 83
95 470
113 192
85 288
65 464
109 517
61 499
93 394
96 368
142 466
84 449
101 202
71 373
65 264
99 337
52 128
63 212
45 213
99 343
35 335
38 379
102 148
16 353
118 327
80 117
94 264
54 506
95 157
87 175
118 263
71 422
78 258
65 433
105 327
134 404
40 408
104 113
102 213
43 336
159 181
11 344
116 317
108 355
146 327
63 284
113 486
145 293
22 166
21 312
73 454
78 28
119 531
66 261
71 249
103 502
100 340
44 319
93 169
53 328
81 205
71 467
86 107
46 436
89 454
85 383
56 233
61 169
84 221
155 352
98 194
106 183
9 254
90 213
102 236
43 204
15 339
62 307
64 398
96 263
141 468
118 290
149 319
50 273
86 371
72 316
49 473
56 167
61 550
35 317
114 554
60 81
131 303
136 357
106 334
91 390
103 240
96 219
23 131
39 376
91 336
102 148
63 135
115 401
68 145
48 369
72 363
20 444
97 164
158 432
108 481
25 329
109 67
128 196
48 316
66 189
3 417
119 218
11 492
98 167
107 424
27 495
40 91
100 101
105 332
91 300
107 112
125 415
88 252
109 167
125 110
39 301
119 315
99 383
58 55
341
f75-hd-kp-80-133
60 106
123 181
112 61
43 68
96 44
84 71
93 77
39 115
67 28
64 166
79 88
40 58
81 140
73 82
43 71
79 173
79 162
37 76
62 107
89 59
116 140
87 117
54 38
76 194
132 18
74 181
73 120
90 184
78 177
64 35
75 61
48 91
89 70
82 111
67 189
54 161
126 123
37 189
31 46
64 111
114 186
112 110
108 74
76 160
60 110
145 50
55 129
54 129
154 165
79 157
105 74
56 30
106 121
98 174
114 51
137 165
60 103
113 165
99 128
96 153
21 150
84 144
131 89
66 71
73 52
40 16
87 133
53 125
119 102
107 98
151 218
98 104
127 68
121 83
118 29
103 56
107 101
118 169
101 167
66 102
133
f76-hd-kp-27-193
77 188
79 71
139 99
110 206
114 83
107 217
102 77
68 200
118 27
57 214
130 192
93 161
72 147
115 224
24 258
125 14
71 202
104 45
87 173
79 55
38 144
69 75
131 45
110 196
107 33
132 146
106 67
193
f77-hd-kp-166-982
79 1008
91 659
74 473
92 411
98 822
73 868
100 1187
57 900
88 572
114 1032
66 999
110 664
27 940
57 491
91 1183
89 1035
142 945
75 973
115 701
123 797
53 790
66 843
70 920
56 1504
112 710
35 1493
81 1035
86 663
94 1439
108 249
98 326
103 455
113 698
75 596
129 1488
131 1251
72 942
23 624
63 1207
37 402
127 306
82 698
84 742
28 871
106 753
115 1491
75 1364
54 890
84 1363
61 878
103 1486
39 699
68 196
68 1184
19 1420
120 121
126 666
8 1109
146 1197
72 524
90 426
85 255
84 801
49 1352
48 539
138 626
129 596
108 1237
33 870
73 1622
25 1098
16 496
27 656
62 662
56 997
101 880
64 827
76 1070
129 920
146 884
121 943
69 258
83 498
42 445
36 1072
78 960
86 654
135 794
124 1151
86 1122
47 349
43 895
64 768
60 927
139 723
3 1021
89 811
109 1408
18 849
137 1102
76 567
105 1664
22 456
96 752
85 692
88 1272
120 530
138 433
166 830
95 440
134 1495
57 1066
116 299
97 1152
143 555
46 496
131 910
8 1583
108 692
118 1249
119 861
115 498
55 636
125 798
72 1554
59 635
55 1002
66 636
80 953
77 1481
85 1167
74 889
118 1234
67 504
114 879
68 1297
170 683
100 477
107 620
123 826
120 673
113 1187
144 981
130 1017
118 1039
40 1003
123 642
95 235
22 748
93 620
119 865
106 504
98 734
126 1019
127 1208
64 1319
152 1103
88 566
103 742
58 1219
103 276
68 1025
104 759
139 621
128 262
134 632
982
f78-hd-kp-135-132
50 71
153 140
23 112
162 159
112 98
95 101
149 133
83 57
113 117
108 114
145 38
80 56
43 76
45 62
74 158
54 52
100 69
130 145
27 46
132 191
93 170
98 129
18 174
136 114
83 136
113 125
108 190
160 69
34 120
98 118
74 161
71 26
40 169
138 120
37 169
35 129
94 199
68 65
12 65
72 189
47 173
110 79
26 112
68 170
66 187
70 128
103 154
71 141
142 50
30 181
106 104
134 87
52 109
112 120
83 97
45 147
62 164
104 149
80 46
77 101
67 133
65 46
126 34
115 113
75 85
88 139
102 28
120 134
91 155
38 70
70 119
130 72
56 152
79 68
87 149
108 134
117 174
98 182
72 67
107 83
94 110
112 127
105 181
53 132
62 124
96 149
110 120
35 155
38 149
81 112
74 202
57 183
108 72
46 106
78 146
90 199
45 58
158 137
68 215
93 178
88 65
72 147
119 100
71 124
82 95
42 145
92 114
134 197
103 74
91 135
93 205
28 127
79 25
29 131
64 106
109 67
62 102
75 92
49 50
131 192
149 48
58 148
151 122
119 188
84 201
90 84
93 89
70 195
102 128
74 174
88 155
84 92
39 109
69 134
139 98
132
f79-hd-kp-72-867
50 798
115 351
47 1192
92 494
107 963
104 769
118 146
36 608
72 863
80 1152
42 1114
23 810
33 1258
80 782
49 381
103 594
123 780
74 414
70 409
93 1342
76 754
114 1036
23 387
73 1151
110 551
90 358
110 297
74 605
54 568
115 615
43 745
92 799
94 1040
151 1044
130 149
134 499
98 205
78 981
131 955
101 1167
67 808
80 808
87 513
25 1235
141 1013
78 1042
144 907
96 683
10 919
129 1164
67 611
105 1147
93 213
119 275
73 546
41 1312
29 791
59 643
79 845
85 236
53 669
94 960
75 696
114 802
49 604
126 819
61 759
40 957
157 760
65 937
48 717
136 1245
867
f80-hd-kp-41-164
57 166
78 242
115 120
119 99
71 193
121 40
28 97
39 46
156 149
95 105
88 237
98 69
73 57
74 137
119 84
140 178
139 52
140 173
73 260
118 101
97 169
80 219
155 163
133 15
31 123
51 219
132 241
45 92
96 152
100 173
77 180
63 47
148 82
126 160
119 116
126 208
98 118
122 210
112 119
37 191
141 159
164
f81-hd-kp-19-370
108 243
131 395
99 494
90 422
81 523
72 374
88 252
108 258
96 266
82 176
58 205
104 564
134 233
110 469
121 448
126 175
153 253
90 508
70 577
370
f82-hd-kp-180-534
103 761
65 356
48 181
39 118
49 556
112 685
100 387
66 746
98 653
95 231
50 208
80 576
56 424
48 252
136 606
95 261
83 778
115 257
100 290
64 429
68 791
140 589
36 200
71 297
100 470
16 553
87 449
51 790
63 103
66 106
124 631
121 325
45 198
132 506
127 183
118 665
123 417
156 119
68 198
106 528
34 785
62 537
57 391
75 539
56 500
122 176
53 557
139 215
54 375
95 686
108 397
84 236
128 573
16 709
67 181
96 87
47 546
123 378
145 753
40 468
78 498
73 146
64 737
44 793
96 461
69 29
106 315
101 705
86 367
35 498
86 547
37 254
121 211
112 537
65 552
51 633
35 385
79 392
108 389
55 365
60 433
118 506
101 73
48 321
121 763
18 374
120 577
37 496
91 277
67 353
37 384
54 525
119 471
149 115
101 477
35 684
91 149
103 518
112 283
116 642
92 643
84 721
98 265
40 724
120 694
92 489
97 255
95 582
111 352
61 681
69 252
141 460
105 531
100 633
69 688
91 229
33 568
143 611
117 467
95 515
15 676
23 317
91 224
130 679
80 159
67 401
55 424
125 469
61 476
89 586
97 578
85 423
80 402
52 688
90 489
67 447
127 405
116 761
39 489
87 319
133 400
74 499
35 404
108 364
102 126
41 628
106 830
99 336
82 44
27 868
112 776
83 654
38 173
116 479
90 808
95 495
69 597
160 558
133 506
99 506
75 528
76 79
95 549
22 495
95 783
30 347
65 155
114 317
72 412
76 664
45 526
125 306
112 707
96 238
83 637
32 780
99 614
55 637
43 654
44 411
534
f83-hd-kp-10-130
112 136
128 82
80 198
120 153
98 167
97 135
60 153
124 116
127 113
41 12
130
f84-hd-kp-32-884
120 948
88 629
72 1277
105 1132
118 898
105 1327
97 518
39 993
91 1087
73 725
122 1074
118 237
103 1130
129 213
55 685
83 489
50 1209
83 1280
75 564
91 445
86 593
105 583
100 1181
122 134
99 285
119 592
76 820
81 293
72 231
77 576
49 1025
146 1185
884
f85-hd-kp-24-815
63 718
112 943
117 700
123 822
92 203
114 854
70 720
64 1264
9 634
127 830
77 575
76 383
148 742
130 535
103 504
34 985
105 571
63 971
39 401
45 296
76 425
111 363
91 990
79 1130
815
f86-hd-kp-75-536
84 535
73 661
130 280
57 421
59 652
75 143
89 454
54 281
113 450
101 654
80 374
13 441
130 345
120 520
35 403
44 714
67 430
65 18
68 297
82 639
24 835
27 445
121 645
70 486
15 472
4 473
163 442
119 611
87 245
100 601
141 325
85 255
73 502
81 512
41 346
34 550
79 379
41 490
105 126
120 280
52 215
111 472
126 293
124 516
82 160
40 173
49 754
79 784
161 452
71 752
45 533
90 187
36 463
81 675
104 683
141 374
100 583
56 309
40 174
49 362
35 343
68 596
125 323
67 404
69 213
76 625
73 78
97 678
63 793
43 219
98 676
77 108
77 486
62 159
65 338
536
f87-hd-kp-167-965
120 1049
111 429
153 1538
80 1169
38 447
88 388
92 465
104 721
59 513
41 431
47 1001
63 765
70 710
45 517
77 307
16 190
118 1074
101 1121
103 279
70 758
153 1296
53 1251
104 702
51 894
85 702
82 561
79 1146
22 766
92 259
92 787
93 872
79 497
59 1015
105 1154
92 285
50 1357
100 212
18 1186
116 903
115 1391
67 868
66 892
90 296
66 241
124 704
114 1000
94 378
83 628
132 1065
130 596
95 583
107 939
125 1316
31 716
115 1427
68 299
36 503
167 967
68 919
92 1415
92 1328
142 124
33 847
117 679
125 273
73 1233
150 580
95 291
57 833
73 674
83 1466
93 913
145 908
99 1161
92 468
73 593
101 422
56 697
121 88
110 538
74 1170
138 862
166 408
50 557
59 579
79 737
151 772
131 699
111 1206
91 635
100 280
86 703
85 745
138 1069
50 881
137 610
128 638
29 414
107 1114
60 1026
128 1437
60 464
55 774
127 1231
112 682
84 859
48 1036
147 1222
36 1082
3 1047
147 325
42 1036
166 834
96 639
89 1284
58 274
64 551
76 1093
98 546
59 1174
39 384
134 1094
92 1045
97 986
110 164
34 1295
79 1088
87 1130
56 519
142 757
79 1217
124 566
59 856
138 685
121 570
27 917
109 1121
78 734
52 478
62 1267
83 350
106 646
84 420
28 1313
90 600
71 989
133 793
9 517
40 408
49 1303
104 385
102 809
105 854
48 372
32 1510
147 1297
108 925
90 1369
95 579
67 1182
77 882
82 843
99 1175
83 759
54 757
128 465
46 1059
965
f88-hd-kp-133-501
42 451
76 164
84 300
60 671
88 71
43 144
133 550
52 401
137 292
92 366
50 272
74 255
108 428
44 161
97 326
63 441
156 399
157 711
119 339
95 92
98 392
88 602
70 596
146 652
75 505
104 358
6 576
93 657
104 578
43 535
89 230
39 674
71 277
120 402
125 215
75 524
29 629
88 622
107 475
98 502
151 365
35 685
84 405
127 240
92 662
148 528
44 303
142 623
88 318
97 638
146 586
111 523
137 535
120 123
60 253
115 236
100 122
49 267
139 575
82 414
66 469
87 279
34 532
37 320
96 537
120 165
60 599
69 453
124 599
61 260
83 320
70 634
36 547
134 362
91 276
52 305
114 414
41 301
57 589
94 691
107 415
25 214
96 382
121 622
132 710
95 340
68 629
121 209
68 727
128 198
50 249
120 213
44 609
73 236
61 250
111 338
106 621
101 692
87 418
76 173
51 194
101 566
33 534
54 322
82 182
78 533
83 387
60 541
82 141
32 434
78 445
80 468
41 286
90 344
139 629
81 758
13 766
47 701
97 107
62 756
112 564
25 556
48 359
112 601
151 285
71 369
97 94
43 589
100 399
142 492
56 440
114 329
93 666
501
f89-hd-kp-159-953
89 486
62 1535
84 686
125 1331
103 265
51 1055
116 926
106 821
132 840
73 760
63 841
105 449
112 690
23 457
107 1010
60 1105
138 1037
52 82
61 608
96 642
99 529
82 431
97 669
165 1034
108 374
33 936
38 1287
57 400
149 1182
97 1402
129 457
145 1202
82 1239
94 832
77 763
34 736
124 829
23 720
120 768
142 1172
97 611
133 805
112 365
53 1366
66 414
91 485
71 507
36 1033
135 762
80 718
136 1530
24 800
101 1141
131 1019
84 476
144 1090
72 566
55 803
82 758
10 710
45 1131
144 691
134 1104
42 396
125 1201
92 1051
67 619
83 471
83 994
162 1113
16 934
129 1089
123 598
80 668
92 868
24 829
80 475
79 807
132 677
78 1170
113 976
91 1056
113 594
37 242
68 1469
109 1108
99 775
90 715
110 1207
153 847
74 1186
61 96
61 1270
121 1395
18 1165
80 1043
142 876
83 447
43 55
75 651
22 627
31 437
101 875
62 257
113 634
35 1051
73 1173
75 524
85 835
73 399
20 886
18 183
114 598
163 1098
116 697
112 318
96 977
121 830
134 809
106 363
103 1044
72 495
110 786
111 1123
49 901
64 642
71 210
43 975
43 792
97 531
58 412
152 616
84 1093
101 679
55 141
50 605
71 1391
93 753
50 1145
100 521
125 949
156 903
124 807
78 1114
36 1077
46 955
75 155
96 610
56 948
33 803
114 567
53 999
136 394
91 37
133 722
36 300
39 411
19 340
114 794
953
f90-hd-kp-32-606
47 527
50 433
86 351
26 591
33 386
61 307
71 222
59 255
70 845
115 285
46 547
77 586
112 902
36 309
60 729
33 726
66 271
27 915
107 135
112 615
86 279
95 554
121 911
41 829
153 687
109 262
45 132
118 898
120 342
98 659
21 384
122 322
606
f91-hd-kp-133-699
60 276
97 921
144 818
59 764
43 763
116 329
107 557
130 679
54 959
64 810
105 387
102 826
132 963
71 520
103 577
95 345
68 366
79 437
113 766
89 908
94 487
123 888
28 937
101 325
48 539
116 252
114 394
109 750
148 408
48 1043
75 220
66 801
97 551
95 501
76 370
97 537
94 321
54 284
66 347
36 858
122 476
61 1031
67 399
115 601
81 277
64 432
76 651
150 480
77 958
62 900
58 187
118 817
82 309
52 157
117 903
32 807
85 771
141 121
98 1067
77 883
120 661
54 246
65 330
76 563
114 558
111 796
92 894
140 1128
61 577
128 245
131 387
105 619
73 208
113 510
61 480
63 617
55 530
104 373
75 234
92 277
89 645
76 341
130 1153
151 789
71 843
53 939
160 768
42 793
43 499
15 535
49 108
93 252
82 749
79 298
91 728
126 696
44 902
78 398
74 537
78 381
111 759
68 526
14 264
87 951
76 846
136 607
97 570
110 441
62 249
94 342
102 529
146 898
60 782
23 1040
16 491
35 177
137 455
158 586
56 813
122 697
86 353
127 67
163 373
49 496
74 360
79 624
79 476
99 848
111 505
140 316
40 583
62 627
39 888
699
f92-hd-kp-16-787
131 669
55 222
125 630
77 658
102 1022
68 808
80 1048
51 947
68 868
100 462
58 1123
98 500
69 241
52 905
59 305
82 337
787
f93-hd-kp-164-608
93 581
133 555
58 960
60 437
14 505
109 309
128 764
33 158
75 247
30 676
79 128
131 479
69 481
164 766
126 355
58 422
63 315
85 456
83 391
112 771
90 727
89 644
41 702
108 432
59 660
24 578
95 727
137 625
30 676
90 423
114 562
114 782
114 450
42 491
75 546
141 546
37 465
70 892
70 365
104 543
124 251
97 744
56 401
23 739
107 581
7 597
24 818
33 257
109 883
112 189
92 922
85 483
93 276
90 814
126 880
135 768
107 428
80 940
50 660
73 216
63 317
81 525
103 283
79 408
27 174
133 724
110 558
84 616
75 234
77 402
28 133
57 796
72 755
113 275
95 272
63 367
154 592
52 782
157 262
74 220
88 845
40 804
70 734
110 198
121 413
91 299
119 855
48 925
74 314
88 493
91 720
141 346
134 834
104 260
93 661
137 625
13 917
77 280
93 501
16 538
61 574
88 810
155 357
84 382
28 669
85 878
104 344
62 543
112 182
127 398
100 765
116 573
48 542
46 409
58 561
115 526
33 336
43 311
93 224
52 707
85 875
120 374
96 575
112 116
60 365
69 500
99 363
67 890
85 410
124 437
85 471
39 306
116 467
149 561
138 953
117 677
95 464
64 476
93 313
111 262
81 461
104 801
123 209
152 765
13 463
74 291
22 367
43 384
56 881
47 780
81 273
66 786
145 396
73 577
64 888
98 643
11 681
52 186
38 460
79 719
132 444
92 669
66 346
91 864
608
f94-hd-kp-18-632
134 514
138 262
78 485
148 964
89 918
97 416
100 971
89 90
86 596
80 676
110 767
100 346
115 373
111 489
91 536
97 810
103 678
58 641
632
f95-hd-kp-190-497
136 412
119 46
32 132
37 430
148 254
107 399
62 784
77 496
59 425
66 415
105 558
91 550
126 344
111 293
104 224
85 343
72 593
122 579
130 673
35 496
117 367
151 527
71 140
143 757
119 339
53 547
54 255
92 401
134 735
42 685
40 483
20 392
63 502
87 589
119 412
40 641
85 232
50 42
83 303
57 562
117 313
124 404
94 361
72 531
111 463
63 356
159 376
51 309
126 100
107 528
128 198
110 704
48 368
154 398
112 391
39 446
133 428
56 502
104 618
92 435
86 669
158 147
91 430
29 76
113 288
49 316
84 323
65 432
72 199
142 293
82 451
27 520
102 373
146 435
148 527
126 114
130 425
14 250
121 204
144 470
133 436
60 670
59 433
120 262
138 437
55 138
145 139
33 401
62 598
68 541
69 374
126 281
10 120
87 268
57 508
154 618
32 243
79 428
71 441
153 730
36 291
69 549
128 368
130 546
55 276
61 250
69 391
56 515
93 352
108 213
63 440
133 389
128 484
64 641
167 795
68 543
46 199
138 811
55 155
82 369
35 371
27 751
44 626
65 367
75 447
106 256
46 683
132 273
100 373
101 70
93 405
86 405
105 127
24 117
70 321
15 519
59 398
53 475
51 427
118 562
76 546
133 163
87 705
15 311
101 473
67 570
72 50
60 628
84 455
60 61
125 355
160 362
90 502
16 300
96 632
37 232
121 231
108 718
73 635
41 418
114 200
97 259
66 268
146 42
101 246
66 796
100 600
143 460
82 495
7 168
109 740
110 559
56 311
64 770
133 449
113 748
93 433
59 358
117 274
114 604
87 139
60 524
16 298
60 444
118 618
65 594
16 262
38 471
96 105
113 389
497
f96-hd-kp-40-127
85 171
20 192
97 49
63 120
20 95
87 46
47 99
10 87
33 137
106 106
82 56
73 122
106 170
71 109
130 82
96 41
51 179
85 57
100 68
88 156
49 129
85 99
19 156
125 119
66 108
60 154
6 18
82 95
50 133
136 78
44 80
115 105
115 99
158 138
76 98
89 64
69 129
85 74
116 96
97 176
127
f97-hd-kp-64-643
87 557
80 444
15 669
65 539
90 788
91 436
115 683
134 791
82 467
157 286
71 472
9 620
149 198
111 605
146 981
31 427
64 764
119 537
16 655
41 841
22 189
103 575
88 315
93 344
135 883
103 157
94 249
79 845
159 587
73 700
49 299
67 873
56 107
103 519
81 427
103 725
108 819
120 773
130 437
140 866
138 797
133 429
66 861
15 844
30 563
41 818
66 716
53 768
79 743
89 527
65 212
71 441
30 396
61 349
115 285
104 324
93 364
90 1002
106 140
118 170
39 739
111 888
24 908
89 826
643
f98-hd-kp-26-163
102 230
33 60
131 169
71 169
81 185
68 98
39 129
48 35
74 272
89 84
96 104
54 71
101 111
143 196
152 169
111 125
136 183
49 120
90 192
62 236
63 102
146 206
30 152
112 249
53 180
78 129
163
f99-hd-kp-56-447
94 236
33 417
165 517
88 458
24 537
85 96
137 442
89 227
95 338
74 494
66 363
20 345
106 529
77 370
114 686
81 439
53 217
112 440
15 291
39 527
86 244
20 412
136 542
86 208
128 514
124 243
122 151
21 410
161 338
49 384
72 514
91 265
25 439
72 139
49 604
86 571
8 552
96 265
116 555
89 525
123 392
63 474
51 391
113 457
122 702
143 153
112 257
112 445
29 247
137 374
81 459
109 310
124 497
106 360
19 446
81 145
447
